-83.83
-84.33
-84.5
-84.67
-84.92
-85.42
-85.42
-85.58
-85.33
-84.83
-84.5
-84
-83.5
-83
-82.5
-82
-81.5
-81.17
-81
-80.92
-80.67
-80.33
-80
-79.67
-79.25
-78.83
-78.7478175670774
-78.6654203423938
-78.5828129769986
-78.5
-78.4805682858952
-78.4607564072689
-78.4405663191189
-78.42
-78.5
-78.17
-78.17
-78.08
-77.83
-77.5
-77.17
-77
-77.17
-77.58
-77.83
-77.67
-77.25
-76.75
-76.33
-75.92
-75.83
-75.58
-75.75
-75.42
-75.25
-75
-74.75
-74.75
-75
-75.42
-75.75
-76
-76
-75.67
-75.17
-74.67
-74.33
-74.33
-73.83
-73.25
-73.25
-73.75
-74
-73.58
-73.6037325911182
-73.6266457352614
-73.6487359854033
-73.67
-73.6712165775355
-73.6716221235359
-73.6712165775355
-73.67
-73.7100506890652
-73.7500677519198
-73.7900509393775
-73.83
-73.9157742527243
-74.0010378330404
-74.0857825281661
-74.17
-74.295
-74.4199999999999
-74.5449999999999
-74.67
-74.7957317872771
-74.9209838162284
-75.0457440264729
-75.17
-75.1928534787836
-75.2138099091036
-75.2328612112005
-75.25
-75
-74.5
-74.3750124497283
-74.250016467828
-74.1250122535671
-74
-73.9176973942665
-73.835261848855
-73.7526953884558
-73.67
-74
-74.5
-75
-75.17
-74.67
-74.5
-74
-74
-74.33
-74.67
-75.08
-75.08
-74.92
-74.92
-74.58
-74.58
-74.75
-75
-74.75
-74.33
-74
-73.75
-73.5
-73.58
-73.42
-73.08
-73.25
-72.75
-72.67
-73
-72.92
-73.33
-73.08
-73.42
-73.75
-73.75
-73.42
-73.08
-72.92
-72.5
-72.17
-72.1083517079824
-72.0461316628678
-71.9833457935171
-71.92
-71.8781650224846
-71.8358846254382
-71.7931619148565
-71.75
-72
-72
-71.83
-72.08
-72.42
-72.58
-72.75
-72.92
-72.92
-72.92
-73.08
-72.92
-72.83
-72.92
-73
-73.25
-72.83
-72.42
-72.58
-72.83
-73
-73.5
-73.42
-73.33
-73.17
-73.08
-72.83
-72.33
-71.83
-71.5
-70.92
-70.42
-70.42
-70
-69.42
-69.42
-69.08
-68.83
-68.5
-68.08
-67.75
-67.42
-67.75
-67.75
-67.33
-66.92
-66.67
-67.08
-67
-67.33
-66.83
-66.58
-66.25
-65.92
-65.5
-65.08
-65.17
-64.75
-64.67
-64.25
-64
-63.83
-63.58
-63.58
-63.33
-63.25
-63.58
-63.58
-63.6429574267071
-63.7056113601135
-63.7679596159831
-63.83
-63.8305481842232
-63.8307309148603
-63.8305481842232
-63.83
-64.42
-64.33
-64
-64.5
-64.33
-64.67
-65
-65.42
-65.75
-66.08
-66.5
-66.25
-66.5
-66.92
-66.92
-67.33
-67.83
-67.8927547997984
-67.9553406989404
-68.0177562517368
-68.08
-68.1426406141349
-68.2051880244368
-68.2676414245381
-68.33
-68.4351385889792
-68.540185691339
-68.6451399544047
-68.75
-68.75
-69.08
-69.67
-70.17
-70.17
-70.58
-70.92
-71.17
-71.58
-72
-72.33
-72.67
-72.7531285087468
-72.8358420477363
-72.918134584303
-73
-73.0825521725768
-73.1650699046062
-73.2475526867978
-73.33
-73.42
-73.75
-74.33
-74.67
-75.08
-75.17
-75.67
-76.08
-76.5
-77
-77.17
-77.08
-77.08
-77.25
-77.58
-77.92
-78.25
-78.5
-78.75
-78.83
-78.83
-78.83
-78.75
-78.33
-77.83
-77.5
-77.17
-76.83
-76.5
-76.08
-75.67
-75.33
-74.75
-74.42
-74.08
-73.75
-73.42
-73.08
-72.92
-72.83
-72.58
-72.25
-71.92
-71.67
-71.33
-71.25
-71.58
-71.25
-71
-71.17
-71.42
-71.83
-71.83
-71.7906676054245
-71.7508881930406
-71.7106646824286
-71.67
-71.6075569886788
-71.5450757273537
-71.4825566035972
-71.42
-71.3350578316363
-71.2500767589533
-71.1650573091027
-71.08
-71.0175585331279
-70.9550777878001
-70.8925581497706
-70.83
-70.8103590976097
-70.7904782992163
-70.7703583497576
-70.75
-70.75
-71
-71.33
-71.33
-71.25
-70.67
-70.42
-70.25
-70.42
-70.67
-71
-71.25
-71.5
-71.25
-70.92
-70.58
-70.33
-70.33
-70.08
-70.08
-70.17
-70.08
-70.08
-70.17
-70.17
-70.17
-70.17
-70.17
-70.33
-70.42
-70.58
-70.42
-70.17
-70.17
-69.92
-69.83
-69.58
-69.5
-69.5
-69
-68.67
-68.58
-68.92
-69.33
-69.5
-69.58
-70.08
-69.67
-69.5
-69.17
-68.83
-68.5
-68.17
-67.83
-67.75
-67.75
-67.75
-67.58
-67.67
-67.42
-67.42
-67.83
-67.58
-67
-66.5
-66.25
-65.92
-65.83
-65.92
-66.25
-66.42
-66.67
-66.75
-66.92
-67
-67.17
-67.5
-67.33
-67.58
-67.67
-67.5
-67.58
-67.75
-67.83
-67.83
-67.67
-68.17
-68.17
-68.58
-69
-69.17
-69.58
-70.08
-70.5
-70.42
-70.08
-69.75
-69.58
-69.67
-69.83
-69.5
-69.17
-69.08
-68.5
-68.25
-68
-67.83
-67.33
-67.17
-67
-66.83
-66.67
-66.75
-66.75
-66.67
-66.5
-66.58
-66.58
-66.58
-66.5
-66.67
-66.5
-66.67
-66.5
-66.58
-66.42
-66.42
-66.08
-65.83
-65.92
-66.08
-66.25
-66.5
-66.58
-66.83
-66.58
-66.67
-66.42
-66.08
-65.92
-65.83
-65.75
-66
-66.33
-66.5
-66.75
-66.83
-66.83
-66.67
-66.67
-66.42
-66.75
-66.75
-66.5
-66.58
-66.25
-66.25
-66.5
-66.92
-67
-67.17
-66.92
-66.33
-66.08
-66.17
-66.08
-66.17
-66.08
-66.33
-66.33
-66.5
-66.58
-66.67
-66.75
-67
-66.83
-67
-67.5
-67.58
-67.5
-67.5
-67.83
-68.25
-68.42
-68.25
-68.5
-68.33
-68.67
-68.58
-68.58
-69.08
-69.33
-69
-69.08
-69.25
-69.5
-69.67
-70.08
-70.5
-70.83
-70.58
-70.17
-70.08
-70.58
-70.58
-70.5
-70.83
-71.17
-71.5
-71.17
-71.75
-71.75
-72
-72.5
-72.83
-73.17
-73.25
-73.67
-74.08
-74.17
-74.5
-74.83
-75.17
-75.67
-76.08
-76.5
-76.92
-77.33
-77.75
-78
-78.1055736155981
-78.2107716399456
-78.315583926681
-78.42
-78.4412805859242
-78.4617104395498
-78.4812850335626
-78.5
-78.75
-79.17
-79.67
-80
-80.5
-81
-81.5
-81.92
-82.42
-82.83
-82.83
-83.25
-83.5
-83.5
-83.83
NaN
-77.58
-77.08
-77.33
-77.42
-77.67
-77.58
NaN
-78.75
-78.75
-79.08
-79.5
-79.92
-80.25
-79.83
-79.33
-79.08
-78.75
NaN
-76.58
-76.17
-76.232874883209
-76.2955021268067
-76.3578783192194
-76.42
-76.5031490777776
-76.5858707681257
-76.6681571132266
-76.75
-76.58
NaN
-71.08
-71.08
-71
-70.92
-70.83
-70.58
-70.08
-69.58
-69.08
-68.92
-68.83
-69.42
-70
-70.5
-71
-71.5
-71.92
-72.33
-72.58
-72.67
-72.58
-72.25
-72.17
-71.83
-71.67
-71.33
-71.08
NaN
-70.58
-70.25
-70
-69.75
-69.92
-70.25
-70.5
-70.58
-70.58
NaN
-64.7989959192451
-64.7633657732706
-64.6919374914007
-64.5632966594665
-64.4418395054606
-64.3347368915286
-64.5629349530888
-64.755996322801
-64.7989959192451
NaN
-64.5413511845796
-64.2560344163493
-64.0994011387612
-64.085095533338
-64.248782106647
-64.5413511845796
NaN
-63.25
-63
-63.1054517217184
-63.2106046692346
-63.3154552935421
-63.42
-63.440653571045
-63.4608720913568
-63.4806545613378
-63.5
-63.25
NaN
-62.2320263927402
-62.1267610168571
-62.0074841192257
-61.9579892530209
-61.9859270938015
-62.0770934372158
-62.1615061608537
-62.2320263927402
NaN
-62.7883469405551
-62.6897195759722
-62.6687835109152
-62.5068976608135
-62.4574985682265
-62.4784754622075
-62.5699043252387
-62.6755087527817
-62.7883469405551
NaN
-60.63
-60.33
-60.4231988159565
-60.5159347023893
-60.6082032458992
-60.7
-60.6837368990792
-60.6666482197008
-60.6487354138707
-60.63
NaN
0
0.67
1
1.25
1.67
1.75
2.17
2.67
2.67
3.25
3.67
4
4.5
5
5.5
6.17
6.58
7
7.42
8
8.33
8.33
8.75
9
9
8.58
8.33
8.33
8.17
7.83
7.74753829793484
7.66505087257074
7.5825380110076
7.5
7.43755222799571
7.37506943244509
7.31255192071402
7.25
7.17
7.75
7.75
8.08
8.25
8.33
8.17
8.42
8.5
9
9.33
9.67
10
9.67
9.83
9.92
10.33
10.75
11.17
11.5
11.83
12.25
12.58
12.6850407080801
12.7900544464804
12.895040961821
13
13.0000414590983
13.0000552788089
13.0000414590983
13
13.1050419535466
13.2100561080881
13.3150422087725
13.42
13.42
13.17
13.17
13.17
13.42
13.42
13.67
13.92
13.92
14.08
14.33
14.67
15
15.42
15.67
15.92
16.08
16.17
16.17
15.92
15.67
15.83
16
16.08
16.33
16.58
16.67
16.92
17.08
17.25
17.67
17.67
18
18
18.08
18.33
18.75
19.08
19.33
19.83
20.33
20.58
20.83
21.17
21.5
21.75
22.42
22.75
23.17
23.5
24
24.33
24.67
25.25
25.5
25.75
26
26.33
26.67
26.67
27
27.42
27.42
27.92
28
28.5
29
29.5
29.92
30.25
30.75
31.17
31.33
31.58
31.5
31.75
31.42
31
30.58
30.17
29.83
29.58
29.17
28.75
28.33
27.83
27.5
27
26.5
26
25.5
25.17
24.83
24.83
24.67
24.25
24.25
23.75
23.33
22.83
23.5
23.83
24.25
24.58
24.83
25.17
25.67
26.17
26.42
26.75
26.75
27
27.17
27.5
27.83
27.75
28
28.42
28.75
29.08
29.5
29.67
30.25
30.33
30.33
30.75
31
31.25
31.58
32
32.5
33
33.42
33.75
33.75
34.08
34.08
34.25
34.42
34.58
35.08
35.58
36
36.33
36.58
37
37
37.33
37.75
37.5
37.92
38.08
38.17
37.92
38
38
38.33
38.58
38.92
39.33
39.67
40
40.25
40.5
41
41.5
42
42.33
42.83
43.42
44
44.5
45
45.42
45.83
46.17
46.17
46.33
46.67
47
47.5
47.92
48.17
48.42
48.17
48.17
48.17
47.92
47.5
47.67
47.5
48
48.1050883041792
48.2101180446756
48.3150887639105
48.42
48.4600207671279
48.5000277170568
48.5400208084937
48.58
48.6850880821232
48.7901177514985
48.8950885462286
49
49.25
49.75
49.5
49.75
50.08
50.42
50.67
50.83
51.17
51.5
51.83
52.33
52.58
53.17
53.42
53.92
54.17
54.42
54.92
54.75
55
55.33
55.33
55.75
56.08
56.08
56.25
55.83
55.25
54.67
55.08
55.33
55.58
55.92
56.33
56.25
56.75
57.08
56.92
57.25
57.58
57.25
57
57.42
57.92
58.25
58.67
58.25
58.25
57.92
57.42
56.83
56.17
56.17
56.75
57.25
57.67
58.17
58.42
58.75
59.17
59.42
59.92
59.67
59.75
60
60
60
60.25
60.58
60.83
60.83
61
60.42
59.92
59.92
59.58
59.25
59.17
59.5
59.67
60.17
60.75
60.92
60.92
61.0026726290314
61.0852308333188
61.1676736234305
61.25
61.2503881235412
61.2505174992267
61.2503881235412
61.25
60.92
60.58
60.08
59.67
59.42
59.08
58.92
58.5
58.17
57.83
57.42
57
56.67
56.42
56
55.83
55.58
55.42
55.17
55
54.67
54.33
54.58
55
55.25
55.67
55.92
56
56
56.5
56.83
57.25
57.58
58.17
58.75
58.67
58.75
58.42
58.92
58.92
58.75
59.17
59.5
60.08
59.67
59.67
60.08
60.58
61.08
61.5
62.17
62.67
63
63.25
63
63.42
63.5
64
64.42
64.42
64.83
64.67
64.42
64.58
64.5
64.67
65
65.33
65.42
65.4602073667155
65.5002769422319
65.5402080471534
65.58
65.6856092864369
65.7908159197552
65.8956146110974
66
66.25
66.5
66.5
66.08
66.08
66.42
66.83
67.17
67.67
67.98
68.33
68.83
68.92
69.08
69.45
69.92
70.33
70.42
70.83
70.83
70.87
71.33
71.13
70.87
70.87
70.48
70.48
70.47
70.22
70.22
70
70.08
70.08
69.83
69.62
69.58
69.32
69
68.75
69.17
69.5
69.58
69.38
69.67
69.98
70.25
69.83
70
70.58
70.08
70.08
69.58
69.42
70
69.42
69.37
69.83
69.83
69.47
69.22
69
68.97
68.72
68.3
68.17
67.83
67.83
67.67
67.83
68
67.75
67.58
68
68.25
68.58
68.75
68.9
68.35
68.03
67.75
67.58
67.58
67.67
68.25
68.58
69
69.33
69.83
69.33
68.75
68.38
67.82
67.5
67.98
68
68.5
69
69.42
69.83
70.42
70.97
71.5
71.75
72.25
72.67
73.17
73.58
74
74.17
74.02
73.83
73.58
73.58
73.17
72.75
72.75
72.58
72.25
71.92
71.42
71
70.67
70.17
69.75
69.5
69.08
68.58
69.25
68.75
68.33
67.83
67.25
67.42
67.83
68.17
68.75
69.33
69.83
69.83
69.67
69.33
69.2
68.58
68.58
68.33
67.83
67.58
67
66.58
66.17
66.33
66.58
66.5
66.17
65.5
65
64.5
64
64
63.42
62.92
62.75
62.58
62.08
61.92
61.5
61
60.58
60.17
59.58
59.08
58.67
58.75
58.67
58.67
58.08
57.67
57.25
56.92
57.08
57.25
56.92
56.75
56.42
56.3152552094949
56.2103392088403
56.1052536080741
56
55.9578413499627
55.9154545589934
55.872840488445
55.83
55.67
55.25
55.25
55.25
55
54.25
53.83
53.42
52.92
52.5
52.08
51.75
51.33
51
51.33
51.67
52.17
52.67
53.17
53.17
53.75
54.17
54.58
54.83
55.17
55.58
56
56.67
57.25
57.67
58.25
58.42
58.75
59.08
59.17
59.58
60
60.5
60.75
61.17
61.2725428483386
61.3750573369968
61.4775431582423
61.58
61.6427292242723
61.7053063119304
61.7677302452488
61.83
62.25
62.5
62.42
62.25
62.25
62.42
62.17
61.83
61.83
61.58
61.25
61
61
60.92
60.5
60.08
59.58
59.25
58.83
58.75
58.17
58.42
58.75
59
59.42
59.75
60
60.33
60
59.5
59
58.5
58
57.67
57.33
57.08
56.75
56.25
55.92
55.92
55.67
55.25
55.17
54.83
54.75
54.6876934406893
54.6252574583237
54.5626927476577
54.5
54.4180351975872
54.3357119210838
54.2530326871059
54.17
54.1482774680051
54.1260359667913
54.1032764770967
54.08
53.67
53.67
53.17
52.75
52.08
51.83
51.5
51.42
51.17
50.83
50.5
50.17
50.17
50.08
50.25
50.25
50.25
50.33
50.25
50.25
50.25
50.08
50.08
49.75
49.33
49.33
48.92
48.58
48.17
47.83
47.5
47.17
46.83
47
47.33
47.67
48.08
48.42
48.67
48.83
49.08
49.17
49.25
49.08
48.83
48.5
48.25
48.08
48.08
47.58
47.75
47.33
46.75
46.75
46.25
46.08
45.75
45.67
45.83
45.75
46.17
46.58
47
46.83
46.33
46.2478676707003
46.1654892673137
46.0828662318686
46
45.9177852218078
45.8353795551792
45.7527841123611
45.67
45.5
45.17
45
44.75
44.5
44.5
44.17
43.83
43.5
43.75
44.17
44.58
44.92
45.08
45.42
45.33
45.67
45.67
45.33
45.17
45.17
44.83
44.58
44.42
44.25
44.42
44
43.83
43.67
43.5
43.17
42.83
42.58
42.33
42.17
41.75
41.79
42.02
41.67
41.5
41.67
41.5
41.75
41.42
41.25
41.25
41.25
41.08
41.08
40.83
40.5
40.33
39.83
39.33
39
39.33
39.5
39
38.8551412854205
38.7101878005004
38.5651404175513
38.42
38.3575498042996
38.2950663179822
38.2325496728087
38.17
37.75
37.25
37.17
37.67
38
38
38.25
38.42
38.83
39.17
39.5
39.33
39
38.5
38.17
38.25
37.92
37.5
37.17
37.17
36.83
36.5
36.11
35.85
36.21
36.17
36.08
35.92
35.92
35.92
35.58
35.33
35.33
35
35
34.75
34.67
34.33
34
33.92
33.67
33.33
33
32.67
32.42
32
31.5
31
30.5
30
30
29.5
29
28.5
28.17
27.58
27
26.42
25.83
25.33
25.17
25.08
25.5
25.83
26.33
26.75
27.08
27.1650042553486
27.2500056835862
27.3350042700481
27.42
27.5450171836611
27.6700229695792
27.7950172708601
27.92
27.8975736775494
27.8750981920465
27.8525736105052
27.83
28.17
28.58
29.08
29.17
29.75
30.08
30
29.75
29.67
30.08
30.25
30.25
30.5
30.42
30.33
30.33
30.67
30.42
30.5
30.5
30.25
30.5
30.08
30
30.08
30.08
29.83
29.67
29.5
29.17
29
29.25
29.33
29.17
29.08
29.17
29.5
29.83
29.58
29.67
29.83
29.75
29.75
29.67
29.42
29.83
29.7900768276896
29.7501023543806
29.7100767039162
29.67
29.5650438851623
29.4600583897768
29.3550436997799
29.25
29.187580523613
29.1251072295714
29.0625803208878
29
28.75
28.67
28.33
28
27.67
27.17
26.67
26.17
25.75
25.33
24.83
24.33
23.83
23.33
22.83
22.42
21.92
21.58
21.25
20.83
20.5
20.17
19.67
19.25
19.25
18.83
18.67
18.5
18.17
18.17
18.33
18.42
18.67
18.58
18.42
18.58
18.83
19.08
19.25
19.67
20
20.42
21
21.17
21.25
21.33
21.5
21.58
21.5
21.5
21.33
20.92
20.5
20
19.8750033398573
19.7500044406535
19.6250033211481
19.5
19.5
19.5
19.5
19.5
19.375003268755
19.2500043459626
19.1250032502132
19
18.42
17.92
18.33
17.5
17
16.33
16
15.83
15.58
15.83
15.67
15.75
15.92
15.83
15.92
15.83
15.75
15.33
15.17
15
14.25
13.83
13.25
12.75
12.17
11.67
11.25
10.83
10.42
10.42
10
9.67
9.42
9
9
8.75
8.92
9.08
9.25
9.58
9.58
9.42
9.33
9
8.67
8.33
7.83
8.58
9
9.42
9.5
10
10.5
10.83
11
10.92
11.25
11.17
11.42
11.67
11.67
11.83
12.17
12.42
12.33
12.08
11.67
11.5
11
10.58
10.25
9.75
9.42
9
9.17
9.75
10.33
10.92
11.08
11.25
11.5
11.92
12.17
11.5
11.5
11.42
11.17
10.75
10.42
10.5
10.5
10.5
10.58
10.58
10.33
10.17
10.08
10.25
10.67
10.67
10.67
10.6701001527273
10.6701335370459
10.6701001527273
10.67
10.6277038398687
10.5852713900106
10.5427032448294
10.5
10.17
9.75
9.83
9.67
9.5
9
8.42
8.58
8.25
7.92
7.58
7.17
6.75
6.83
6.5
6.25
5.92
5.83
5.83
5.83
5.92
5.92
5.83
5.67
5.58
5.42
5.17
4.83
4.5
4.25
3.75
3.17
2.5
1.83
1.75
1
0.5
0.17
-0.17
-0.67
-1.25
-1
-1.67
-1
-0.42
-0.17
-0.25
-0.17
-0.33
-1
-1
-1.42
-1.58
-0.83
-0.67
-0.67
-1
-1.17
-1.33
-1.67
-1.5
-1.92
-2.33
-2.83
-2.67
-2.42
-2.5
-2.75
-2.75
-3
-3
-2.83
-2.83
-3.17
-3.5
-3.83
-4.17
-4.5
-4.75
-5.08
-5.17
-5.17
-5.08
-5.25
-5.83
-6.42
-7
-7.5
-8.17
-8.67
-9.17
-9.58
-10
-10.42
-10.75
-11
-11.5
-12
-12.58
-13
-13.33
-14
-14.5
-15
-15.5
-16
-16.58
-17.17
-17.67
-18
-18.5
-19
-19
-19.5
-20
-20.5
-21
-21.5
-22
-22.25
-22.5
-22.92
-22.92
-23
-23
-22.92
-23
-23.33
-23.33
-23.83
-23.67
-24
-24.17
-24.58
-25
-25.42
-25.83
-26.33
-27
-27.5
-28
-28.5
-28.67
-28.67
-29
-29.5
-30
-30.5
-31
-31.5
-31.83
-32.17
-32.5
-33
-33.5
-33.83
-34.17
-34.5
-34.75
-34.83
-34.75
-34.83
-34.67
-34.42
-34.42
-34
-34.33
-34.67
-35
-35.33
-35.83
-36.25
-36.33
-36.83
-36.83
-37.33
-37.75
-38.17
-38.42
-38.58
-38.75
-38.83
-38.92
-39
-39
-38.75
-39.17
-39.5
-39.83
-40.33
-40.58
-40.92
-41.17
-41.17
-41
-40.75
-40.812593468583
-40.8751247948558
-40.9375937239525
-41
-41.1250233770185
-41.2500312548644
-41.3750235055943
-41.5
-42.08
-42.33
-42.08
-42.58
-42.83
-42.83
-42.5
-42.5
-42.83
-43
-43.33
-43.67
-44
-44.5
-44.67
-45
-45
-45.25
-45.5
-46
-46.5
-46.83
-47.17
-47.17
-47.5
-48
-48.33
-48.67
-49
-49.5
-50
-50.17
-50.5
-51
-51.42
-51.83
-52.33
-52.25
-52.25
-52.25
-52.5
-52.5
-52.75
-53.25
-53.75
-53.83
-53.67
-53.42
-53.17
-52.83
-52.75
-53.17
-53.42
-53.17
-52.92
-52.67
-52.58
-52.17
-52.42
-52.25
-51.75
-51.83
-51.5
-51
-51.33
-51.3930484462007
-51.4557324765105
-51.5180502688262
-51.58
-51.4775871316498
-51.375115860134
-51.2725866597267
-51.17
-50.67
-50.75
-50.75
-50.42
-50
-50.75
-50.17
-50.1075878562742
-50.0451169535423
-49.9825875744099
-49.92
-49.8977016928952
-49.8752687691246
-49.8527014605738
-49.83
-49.42
-49.17
-48.58
-48.17
-47.83
-47.75
-48.33
-47.83
-47.42
-46.83
-46.83
-46.67
-46.92
-46.58
-46.17
-45.92
-45.83
-45.58
-45.25
-45
-44.58
-44.17
-43.83
-44.17
-44.17
-44.42
-44.67
-45
-45.17
-45.5
-45
-44.67
-44.42
-44.17
-43.75
-43.42
-43
-42.33
-42.2900509425956
-42.2500678630034
-42.2100508519644
-42.17
-42.1275509162072
-42.0850678242299
-42.0425508202015
-42
-41.9175509135654
-41.8350677608861
-41.7525507280541
-41.67
-41.6277032699699
-41.5852707729349
-41.5427028894544
-41.5
-41.83
-41.75
-41.42
-41
-40.58
-40
-39.5
-39
-38.58
-38.17
-37.75
-37.17
-37.17
-37.17
-36.67
-36.5
-36
-35.5
-35
-34.5
-34
-33.67
-33.17
-32.5
-32.17
-31.83
-31.33
-30.75
-30.25
-30
-29.33
-29
-28.5
-28
-27.5
-27
-26.33
-25.75
-25.42
-25
-24.5
-24
-23.5
-23
-23
-22.5
-22
-21.5
-21
-20.5
-20
-19.33
-18.75
-18.25
-17.83
-17.67
-17.25
-17
-16.67
-16.58
-16.25
-15.83
-15.75
-15.33
-15
-14.67
-14.17
-13.67
-13
-12.5
-12.17
-11.83
-11.33
-10.83
-10.17
-10.17
-9.67
-9.17
-8.67
-8.17
-7.83
-7.25
-6.83
-6.5
-6.25
-6
-5.67
-5.17
-4.67
-4.25
-3.83
-3.5
-3.33
-2.83
-2.5
-2.5
-3
-2.5
-2.33
-2.17
-1.67
-1
-0.83
-0.33
0
NaN
66.08
66.13
66.25
66
65.75
65.58
65
65
65.33
65.67
65.33
64.83
65.37
65.82
65.67
66.08
66.42
66.33
66.3537102142424
66.3766151739887
66.3987125281792
66.42
66.4828351664328
66.5454480837195
66.6078369623189
66.67
66.92
67.08
66.75
66.58
66.37
66.08
NaN
61.17
60.83
60.83
61
60.92
61.25
61.42
61.58
62.08
62.33
62.3532979933177
62.3760648675512
62.3982993013346
62.42
62.482577207951
62.5451031795658
62.6075775621295
62.67
62.6709135608646
62.6712180879742
62.6709135608646
62.67
62.83
62.83
62.67
62.42
62.08
62
62.17
62.42
62.42
62.17
62.0852288563474
62.0003042106129
61.9152274631708
61.83
61.8103836669833
61.7905111923247
61.7703831201436
61.75
61.42
61.17
61.17
NaN
58.67
58.58
58.92
59.08
59.08
59.1229954095684
59.1656614661962
59.2079967889383
59.25
59.292741135793
59.3353219641819
59.3777418107737
59.42
59.42
59.67
59.67
59.25
59
58.67
NaN
56.33
56.58
57
57.42
57.67
58.17
57.75
57.6675808404474
57.5851075100487
57.5025804256103
57.42
57.3150813841502
57.2101081608723
57.1050808587671
57
56.9175469483072
56.8350624402057
56.752546712563
56.67
56.33
NaN
53.33
53
52.5
52.25
51.92
51.92
51.42
51.58
51.17
50.75
50.33
50.5
51.17
51.58
52.17
52.67
53.17
53.67
53.75
53.75
53.33
NaN
46.67
46.67
46.92
46.5
46.75
47
47.42
47.42
47.08
46.75
46.83
46.42
46.42
46.67
46.75
46.5
46.5002042509004
46.5002723347555
46.5002042509004
46.5
46.6050509125237
46.7100680545239
46.815051169856
46.92
47.33
47.58
47.92
47.92
48.25
48.75
48.75
49
48.67
48.42
48.08
47.83
47.83
47.67
47.33
47
46.67
NaN
44.58
44.6654592705956
44.7506135680812
44.8354610832317
44.92
44.8150512540212
44.710068172588
44.6050510054061
44.5
44.4175052444892
44.3350069793813
44.2525052246176
44.17
43.58
43.17
42.75
42.17
42.0450888238191
41.9201181039613
41.7950883333069
41.67
41.6701433433428
41.6701911245579
41.6701433433429
41.67
41.83
42.17
42.75
43.25
43.67
44.08
44.5
44.92
45.17
45.67
45.6702044753
45.6702726339522
45.6702044753
45.67
45.6276444310506
45.585192382409
45.5426441426711
45.5
45.33
45
44.42
43.92
43.58
43.92
44.08
43.58
43.58
43.08
43.33
43.92
44.42
44.83
45.17
44.75
44.5
44.5825889171427
44.6651187825557
44.747589257237
44.83
44.977703822537
45.1252726986667
45.27270522968
45.42
45.92
46.08
46.17
46.17
46.25
46.25
45.92
45.92
46
45.92
45.75
45.75
45.42
45
44.58
NaN
45.83
45.83
45.92
45.5
45.67
45.83
NaN
41.75
41.5
41.5
41.58
41.83
42
42.25
42.5
42.83
42.83
42.83
42.58
42.67
42.58
42.25
42
42
41.75
NaN
43.25
43.17
43.33
43.33
43.25
43.33
43.5
44
44.33
44.17
43.92
44
43.92
43.83
43.67
43.25
NaN
0.08
-0.33
-0.75
-1.08
-0.92
-0.67
-0.42
0.08
NaN
-41.83
-42
-42.33
-42.67
-43
-43.42
-43.33
-42.67
-42.33
-41.83
NaN
-52.58
-53
-53.33
-53.67
-54
-54.25
-54.5
-54.67
-54.67
-54.92
-55
-55
-55.25
-55.25
-55.67
-55.42
-55.5
-55.33
-55
-55.17
-55
-54.67
-54.67
-54.42
-54.42
-54.08
-54.08
-53.83
-53.58
-53.33
-53.25
-53
-52.75
-53
-53.25
-53.58
-53.83
-54
-54.17
-53.67
-54.17
-54.1900844809197
-54.210112705259
-54.2300845769545
-54.25
-54.125004997185
-54.0000066393877
-53.8750049620177
-53.75
-53.6879402615448
-53.6255859900808
-53.5629387244
-53.5
-53.33
-53.5
-53.33
-52.83
-52.83
-52.58
-52.67
-52.58
NaN
-51.83
-52
-51.75
-51.42
-51.33
-51.5
-51.33
-51.5
-51.83
-52
-52.25
-52.33
-52.08
-52
-52.25
-51.83
NaN
-54
-54.08
-54.33
-54.58
-54.92
-54.5
-54.25
-54
NaN
10
10.17
10.58
10.67
10.75
10.25
10
10
NaN
18.17
18.33
18.5
18.42
18.33
18.17
17.83
17.83
17.92
17.75
17.83
18.17
18.17
NaN
21.77
21.98
21.82
21.7475126558478
21.6750168480891
21.6025126163181
21.53
21.5050607492187
21.4800809551418
21.4550606834863
21.43
21.47
21.6
21.77
NaN
21.83
22
22.33
22.58
22.83
22.92
23
23.17
23.17
23
23
22.83
22.67
22.33
22.33
22.17
21.92
21.67
21.5
21.17
21.08
21
20.58
20.67
20.58
20.25
20.25
20.08
20.08
20
19.83
19.83
19.92
19.92
19.83
19.8302343963114
19.830312528689
19.8302343963114
19.83
19.8925327601089
19.955043741238
20.0175328518024
20.08
20.33
20.67
20.67
21
21.42
21.58
21.5
21.67
21.75
22
22
22.08
22.33
22.5
22.58
22.67
22.42
22.17
22.17
22.0850164542984
22.0000218990967
21.9150163944045
21.83
21.8302460355041
21.8303280476282
21.8302460355041
21.83
NaN
18.33
18.58
18.5
18.33
18.33
18.3925865453814
18.4551155617534
18.5175867973508
18.58
18.685087801943
18.7901173528574
18.8950882277462
19
19.33
19.67
19.67
19.67
19.92
19.92
19.67
19.83
19.83
19.75
19.67
19.33
19.33
19.08
18.92
18.5
18.08
18.42
18.42
18.25
18.17
18.42
18.25
18
17.58
18.08
18.17
18.08
18.17
18.17
18
18.33
NaN
18
18.5
18.5
18.5
18.25
18
18
17.92
18
NaN
16.3688751081682
16.281084177942
16.4582246640639
16.5029640016532
16.4717323721938
16.3672086280307
16.2654349661684
16.177479316112
16.2367871833565
16.0384248946353
15.9542607522394
16.0688983098815
16.3294871211233
16.3688751081682
NaN
14.5483862204799
14.8553121599439
14.9656321793812
14.9616208661169
14.7803051565814
14.5404253607997
14.5483862204799
NaN
25.17
25.17
24.67
24.33
24.247538261021
24.1650509272301
24.0825381299514
24
23.9175175094475
23.8350233057445
23.7525174492296
23.67
24.17
24.58
24.83
25.17
NaN
20.92
21.17
21.08
21.33
20.92
20.92
NaN
26.5650673955282
26.5914597207128
26.8000302870433
26.7467656883192
26.7474968925176
26.6033503094876
26.6251602271793
26.4758950566538
26.5650673955282
NaN
26.8874163795946
26.9323903835192
26.9096505348708
26.5530524821212
26.2887737772182
26.2609985668928
25.8781082433424
25.8489932419356
25.9953657953991
26.119013653305
26.1833601730454
26.2706092404661
26.4374001221387
26.5537429678914
26.6159943541836
26.8522180179261
26.8874163795946
NaN
25.564178230382
25.5636609698507
25.4894184666273
25.2975649742391
25.148275251695
25.0494942284349
24.7520290310533
24.6403999304653
24.7462422045058
24.7971193190467
24.8399257713717
24.9190596890181
25.018140488891
25.1324038465551
25.2566221994092
25.4238879112604
25.564178230382
NaN
24.6848056210295
24.6313530155198
24.1452191598339
24.1705498746618
24.1267989486499
24.2187345388334
24.4899899298181
24.5163010466313
24.6848056210295
NaN
23.6925225741425
23.3716783491433
23.1621000298154
23.1307797423322
22.9059048553992
22.8569565584847
23.0658002824714
23.143841548141
23.3546914704486
23.6193741346449
23.6925225741425
NaN
22.7389770200097
22.5610375833775
22.3158981592398
22.2507595612519
22.3160489656477
22.3806001801931
22.4703817896562
22.5600367098073
22.7342147386424
22.8546191643548
22.6966258309788
22.7389770200097
NaN
40.58
40.83
40.92
41
41.17
41
40.75
40.67
40.58
NaN
49.83
49.83
49.75
49.58
49.42
49.08
49.08
49.17
49.33
49.58
49.83
NaN
46.67
46.92
46.58
46.42
46.42
46.5
46.25
45.92
46.17
46.42
46.67
NaN
62.17
62.58
62.75
62.75
62.67
62.25
62.17
NaN
62.33
62.33
61.92
61.5
61.75
62.33
NaN
56.25
56.58
56.33
55.75
56.17
55.92
55.9202554634611
55.9203406183794
55.9202554634611
55.92
56.0228288218997
56.1254397738347
56.2278308438598
56.33
56.25
NaN
53
53.17
53.08
52.67
52.83
53
NaN
47.92
48.17
48.5
48.58
49
49.5
50.08
50.58
51
51.33
51.58
51.58
51.08
50.58
50.25
49.75
50.08
49.92
49.67
49.33
49.42
49.42
49.42
49.25
48.83
48.5
48.58
48.08
47.75
47.58
48
48.08
47.58
47.67
47.17
46.67
46.67
47.08
46.83
47.33
47.42
47.33
46.83
46.92
47.17
47.5
47.58
47.58
47.58
47.67
47.5
47.92
NaN
63.67
64.08
64.67
65.25
65.67
66.08
65.58
65.17
64.83
64.5
64.08
63.83
63.42
63.75
64
64
63.67
63.25
63.17
63.67
63.67
NaN
67.67
68.25
68.25
67.92
67.5
67.25
67.17
67.67
NaN
71.75
72.33
72.75
73.17
73.58
73.83
73.83
73.8233835993553
73.8161775969027
73.8083827803029
73.8
73.7334976944216
73.6663247720544
73.5984894774536
73.53
73.25
72.83
72.42
72
71.67
72.08
72.5
73
73.42
73.75
73.83
73.58
73.13
72.67
72.17
72.17
72.47
72.47
72.8
72.7
72.5
72.58
72.25
71.75
71.67
71.42
70.83
70.5
70.3753607284782
70.2504779245599
70.1253561849371
70
69.8950940530024
69.7901247516203
69.6850930793401
69.58
69.4782420411892
69.3759844692327
69.2732346903519
69.17
69.1284670998657
69.086286851639
69.0434631707025
69
68.5
68.08
68.08
67.67
67.33
67
66.67
66.08
65.67
65.5
65
65.33
65.92
66.42
66.42
65.75
65.25
64.83
64.5
64
63.58
62.92
62.92
63.25
63.58
63.83
63.42
63.08
62.67
62.33
61.92
62
62.17
62.42
62.67
62.83
63
63.33
63.75
64
64.17
64.42
64.5
64.25
64.25
64.25
64.67
65.08
65.17
65.5
65.33
65.33
65.67
66.17
66.5
66.92
67.0027624632733
67.0853512147491
67.1677643646793
67.25
67.3550666514849
67.4600892836331
67.5650672768093
67.67
68.17
68.5
69
68.67
69.33
69.83
70.25
69.75
69.58
70
69.92
70.08
70.08
70.42
70.83
71.33
71.75
NaN
73.75
73.83
73.78
73.58
73.17
72.87
72.98
72.83
72.98
73.42
73.75
NaN
75
75.55
75.55
75.2
74.67
74.82
75
NaN
77.03
76.92
76.65
76.65
76.37
76.3204416184273
76.2705866826931
76.2204384125846
76.17
76.1225958709229
76.0751273918633
76.0275952188777
75.98
75.9107863949742
75.8410433508055
75.7707786550758
75.7
75.58
75.82
75.72
75.72
75.47
75.08
74.67
74.5
74.75
74.42
74.42
74.47
74.53
74.75
75.25
75.67
76.08
76.33
76.25
76.67
77.03
NaN
80
80.45
80.8
81.25
81.25
80.8
80.5
80.42
80.3576884826279
80.2952496923913
80.2326860702897
80.17
80.0650709335665
79.9600935889943
79.8550694651185
79.75
79.7208848781443
79.6911764206034
79.6608797425322
79.63
79.25
79
78.53
78.17
78.17
78.53
78.98
79.33
79.72
80
NaN
81.5
81.92
81.92
81.92
82.13
82.33
82.58
82.92
83.05
82.98
83.08
83.08
82.92
82.8
82.55
82.42
82.2
81.95
81.67
81.42
80.95
80.58
80.2
79.72
79.5
79
78.5
78
77.92
77.58
77.25
76.83
76.42
76.17
76.17
76.5
76.33
76.42
76.25
76.33
76.42
76.83
77.13
77.1604831097556
77.1906456593506
77.2204853784799
77.25
77.2928488292626
77.3354666689745
77.3778511788585
77.42
77.83
77.8544640799208
77.8776237054737
77.8994713853611
77.92
77.9838192556119
78.0467682387755
78.1088331260219
78.1242095788564
78.1395296879541
78.1547932346599
78.17
78.2064946534432
78.2429580988463
78.2793900448908
78.3157901968797
78.4610668495102
78.6058103116471
78.75
78.7806263960583
78.8108374421294
78.8406297644133
78.87
78.9651051853301
79.060141465363
79.1551070283757
79.25
79.7
79.87
80.42
80.25
80.47
80.63
80.92
80.8
80.8
80.67
80.67
81
81.5
NaN
79.9
80.17
79.75
79.9
NaN
79.2
79.38
79.38
79.2
79.2
78.88
78.48
78.13
78.08
78.48
78.9
78.55
78.3
78
77.97
77.92
77.75
78.17
78.17
78.3
78.53
78.83
79
79.2
NaN
77.67
77.83
77.8
77.57
77.35
77.47
77.67
NaN
77.67
77.75
77.43
77.08
77.18
77.67
NaN
76.58
76.63
76.37
76
76.42
76.7
76.67
76.38
76
75.58
75.07
75.07
75.63
75.42
75.83
76.17
76.58
NaN
75.12
75.47
75.13
75.12
NaN
72.92
73.07
73.03
73.5
73.83
74
73.92
74.13
74.0051974049157
73.8802611648959
73.755194365202
73.63
73.5154510160312
73.4005971885788
73.2854448058225
73.17
73.1234085108766
73.0762079564
73.028403421827
72.98
72.42
71.83
71.67
71.33
71.83
72.25
72.25
72.63
72.92
NaN
78.25
78.5
78.58
78.38
78.2
78.17
78.3
78.25
NaN
77.92
78.08
77.75
77.7
77.92
NaN
77.75
77.87
78.02
78.0228872859565
78.0255164918867
78.0278874477296
78.03
77.9175098512521
77.8050130138104
77.6925096711225
77.58
77.33
77.42
77.75
NaN
75.58
75.9
76.13
75.75
75.48
75.58
NaN
76.25
76.5
76.88
77.15
77.33
77.3
77.58
77.33
77.08
76.72
76.3
76.5
76.17
75.83
75.92
75.87
76.25
NaN
75.25
75.67
75.67
76.13
76.47
76.42
76.17
75.92
75.57
75.5540848932154
75.5371106716657
75.5190810611455
75.5
75.582669974726
75.6652279382139
75.7476719432432
75.83
75.8975239431438
75.9650320777886
76.0325241746385
76.1
76.1378204680574
76.1754284518072
76.2128222118929
76.25
76.332708839956
76.4152801455265
76.4977113927523
76.58
76.8
76.33
76.02
75.87
75.47
75.03
74.95
75
74.8
74.53
74.42
74.5
74.72
74.92
75.25
74.97
75.13
75.25
NaN
71.6
72.03
72.3
72.58
72.83
73.02
73.3
73.3
72.72
73.08
72.85
73
72.67
73.17
73.67
73.7
73.42
73.05
72.58
72.17
71.63
71.63
71.05
70.67
70.4
70.22
69.75
69.67
69.3
69
68.87
69.15
69.5
69.17
69
68.75
68.65
68.58
69.25
69.25
69.5
70.12
70.17
70.17
70.42
70.7
70.67
70.75
71.03
71.37
71.6
NaN
72.08
72.5
72.98
73.5
74.08
74.25
74.5
74.25
74.25
73.83
73.5
73.2
72.92
72.58
71.92
71.42
71.33
71.08
71.67
72.08
NaN
55.3371386993368
55.3719686002233
55.2209096821551
54.8974859660883
54.7189660245458
54.7479519431988
54.8704087895514
54.8618051578507
55.0990342675988
55.1461222746398
55.3371386993368
NaN
52.92
53
52.83
52.75
52.92
NaN
51.71328910552
51.7604208146286
51.886799649729
51.9131625290537
51.8660775978535
51.7468555716488
51.71328910552
NaN
51.67
51.92
51.75
51.67
NaN
52.0723019000094
52.0906582267429
52.2027589942188
52.2717716876289
52.4184671182327
52.1743046092601
52.0723019000094
NaN
52.75
53.5
53.58
53.33
53.17
52.75
NaN
53.33
53.67
54
54
53.7
53.5
53.33
NaN
63.67
63.67
63.42
63.33
63.08
63.42
63.33
63.67
NaN
60.17
60.25
60.33
60.25
60
59.83
59.92
60.17
NaN
57.25
57.75
58.08
58.42
58.17
58.108123124419
58.045829193927
57.9831206671871
57.92
57.89768435069
57.8752456272285
57.852684089979
57.83
57.5
57.33
57
56.75
57.25
NaN
54.17
54.08
54.08
53.58
53.08
52.75
52.5
52
52.42
52.83
53.33
53.58
54.17
NaN
50.67
50.83
50.58
50.42
50.25
49.75
49.33
48.92
48.5
48.33
48.5
48.75
49
49
49.25
49.42
49.67
49.92
50.17
50.67
NaN
78.17
78.58
78.75
79.02
79.2
79.75
80.08
80.08
80.0819793182335
80.0826391787706
80.0819793182335
80.08
80.1927271347789
80.3053063621336
80.417732468499
80.53
80.92
81.18
81.13
81.42
81.75
82.08
82.33
82
82.47
82.42
82.83
83.2
83.42
83.65
83.58
83.55
83.25
82.98
82.85
82.7805797074353
82.7107655305856
82.6405686792751
82.57
82.5085122870749
82.4463385782089
82.38349567323
82.32
82.22
82.2290599335615
82.2370819906047
82.2440629505673
82.25
82.2055550781201
82.1607358643152
82.1155487417739
82.07
82.074526609391
82.0760360538405
82.074526609391
82.07
81.9725000000001
81.8750000000001
81.7775
81.68
81.75
82.03
82.03
82.08
81.8
81.63
81.37
80.92
81.08
81.32
81.58
81.48
81.8
81.68
81.5906032378728
81.5007958092121
81.4105905958431
81.32
81.1793089443701
81.0373736567896
80.8942523232038
80.75
80.42
79.97
79.53
79.13
78.83
78.42
77.92
77.58
77.08
76.75
76.92
76.67
76.3
76.2
75.7
75.2
74.67
74.67
74.67
74.25
74
73.83
73.47
73.42
73.25
73.2003136323798
73.1504169360371
73.1003117752499
73.05
73.0179587107631
72.9856104479864
72.9529569604496
72.92
72.42
72.08
72.3
72.5
72.17
71.83
71.42
71
70.5
70.42
70.58
71
71.33
71.17
70.67
70.42
70.17
70.42
70.17
70.1483183217019
70.1260898661471
70.1033164683947
70.08
69.997737864024
69.9153158480765
69.8327359151599
69.75
69.75
69.42
69.08
68.83
68.58
68.42
68.17
68.17
67.92
67.5
67.08
66.67
66.33
66
65.67
65.67
65.5
65.08
65.17
64.5
64
63.5
63
62.67
62
61.5
61
60.5
60
59.83
60.17
60.17
60.58
60.75
60.83
61.42
61.92
62.5
62.83
63.58
64
64.33
64.92
65.5
66
66.5
67
67.58
68.17
68.58
68.58
69.33
69.92
69.47
69.3
69.67
70.25
70.83
70.8
70.5
71
71.17
71.17
71.75
71.42
71.42
71.68
72.17
72.58
73.17
73.58
74
74.5
74.97
75.32
75.67
75.82
76.17
76.17
76.13
75.92
76.13
76.38
76.6
76.8
77.02
77.25
77.35
77.58
77.92
77.87
78.17
NaN
65.5
65.83
66.17
66.17
66.42
66.33
66
65.42
65.42
65.58
66.08
65.83
66.08
66.17
66
66.17
66.5
66.25
66.33
65.75
65.5
64.92
64.42
64.17
63.83
63.75
63.42
63.58
63.83
63.8319834625633
63.8326446503042
63.8319834625633
63.83
63.9353607556321
64.0404829622972
64.1453636980085
64.25
64.3752128180541
64.5002851541685
64.6252149229047
64.75
64.75
65.08
65.1653487174702
65.2504665600156
65.335351129173
65.42
65.4602767148512
65.5003695581766
65.5402776228459
65.58
65.42
65.5
NaN
70.894810609535
71.0174216196454
71.1505287761176
71.1521484616041
70.9906688958469
70.922329138016
70.9070844189087
70.8064645107309
70.894810609535
NaN
75.4
75.05
75
75.4
NaN
0
0.5
0.92
1.08
1.5
1.92
2.5
3.08
3.5
3.92
4
4.5
4.5
4.42
4.42
4.33
4.25
4.25
4.58
5.25
5.92
6.33
6.5
6.5
6.42
6.42
6.33
6.33
6.17
5.83
5.83
5.5
5.25
5.17
5
4.75
5
5.08
5.25
5.25
5.17
5.08
5
4.67
4.58
4.25
4.33
4.5
4.92
5.25
5.58
6.08
6.42
6.83
7.08
7.33
7.83
8.25
8.25
8.67
9.17
9.58
10
10.25
10.67
11.08
11.25
11.92
11.83
12.08
12.33
12.92
13.42
14
14.5
14.75
15
15.42
15.83
16.5
17
17.5
18
18.5
19
19.5
19.83
20.33
20.75
20.75
21.08
21.58
22.08
22.33
22.75
23.42
23.83
24.25
24.67
25.25
25.67
26.17
26.42
26.67
27
27.5
27.92
28
28.25
28.67
28.92
29.33
29.75
30.33
30.67
31.5
31.75
32.17
32.5
32.83
32.83
33.25
33.5
33.67
34
34.42
34.83
35.25
35.75
35.83
35.5
35.17
35.25
35.25
35.33
35.08
35.17
35.42
35.75
35.83
35.92
36.25
36.5
36.58
36.67
36.83
36.83
36.92
36.92
36.83
36.67
36.67
36.75
37
36.83
37
36.83
36.92
37.17
37.25
37.17
36.67
36.92
36.5
36.33
35.75
35.58
35.17
34.75
34.42
34.17
33.75
33.58
33.67
33.25
33
32.83
32.83
32.75
32.67
32.42
32.25
32.25
31.75
31.5
31.25
31.17
31
30.67
30.33
30.25
30.42
30.67
31.08
31.5
31.582521093001
31.6650281708827
31.7475211634118
31.83
31.9150458787878
32.0000612768826
32.0850460367353
32.17
32.58
32.75
32.83
32.75
32.58
32.17
32.08
31.92
31.92
31.5
31.58
31.5
31.42
31.25
31.08
31.08
31.08
30.83
30.92
31.17
31.42
31.5
31.42
31.08
30.92
30.6901207470446
30.4601602505747
30.2301196326425
30
29.9575442440698
29.9150589415848
29.8725441683427
29.83
29.7275440345626
29.6250585915253
29.5225438529911
29.42
29
28.58
28.17
27.83
27.42
27.08
26.67
26.17
25.75
25.25
24.83
24.33
24
23.58
23.25
22.75
22.5
22.25
22.08
21.5
21.08
20.75
20.25
19.67
19.25
18.67
18.42
18.42
18
17.58
17.08
16.5
16
15.58
15.5
15
14.75
14.58
14.08
13.67
13.25
12.83
12.42
11.92
11.67
11.42
11.08
10.67
10.42
10.33
10.5
10.75
10.67
10.75
11.08
11.08
11.25
11.17
11.17
11.33
11.5
11.92
11.75
11
10.42
10
9.42
8.92
8.5
8.17
7.67
7.25
6.75
6.33
5.75
5.42
5.08
4.58
4.17
3.75
3.42
3
2.58
2.25
1.92
1.75
1.42
1
0.75
0.75
0.42
0
-0.42
-0.92
-1.25
-1.75
-2.08
-2.5
-2.42
-3
-3.58
-4.17
-4.58
-5.08
-5.58
-6.08
-6.58
-7.08
-7.58
-8.17
-8.83
-9.42
-9.92
-10.17
-10.5
-11
-12.5
-12
-12.42
-13
-13
-13.58
-14.08
-14.67
-15.17
-15.58
-16
-16.33
-16.75
-17.08
-17.17
-17.33
-17.5
-17.92
-18.33
-18.83
-19
-19.42
-19.67
-20
-20.5
-20.83
-21.42
-22.08
-22.5
-23.08
-23.5
-24
-24.5
-24.75
-24.92
-24.92
-25.17
-25.33
-25.5
-26.08
-26.25
-26.58
-27
-27.5
-28.08
-28.58
-28.83
-29.17
-29.58
-30
-30.5
-30.92
-31.33
-31.67
-32
-32.42
-32.75
-33
-33.33
-33.67
-33.75
-33.75
-34
-34
-34.25
-34.17
-34.17
-34
-34.17
-34.08
-34.17
-34.42
-34.42
-34.5
-34.75
-34.75
-34.42
-34.08
-34.25
-33.83
-33.42
-32.83
-32.83
-32.58
-32
-31.42
-31
-30.58
-30
-29.58
-29
-28.58
-28.25
-27.83
-27.5
-27
-26.42
-26.42
-25.92
-25.5
-25
-24.42
-24
-23.5
-22.92
-22.5
-22.08
-21.67
-21.25
-20.83
-20.25
-19.75
-19.25
-18.83
-18.5
-17.92
-17.42
-17
-16.5
-16
-15.5
-15
-14.5
-13.92
-13.33
-12.92
-12.67
-12.25
-12.25
-11.83
-11.25
-10.67
-10.33
-9.92
-9.42
-9.17
-8.67
-8.17
-7.75
-7.25
-6.75
-6.42
-6
-5.75
-5.33
-4.92
-4.5
-4.08
-3.75
-3.42
-3.08
-2.75
-2.25
-1.83
-1.33
-0.83
-0.5
0
NaN
30
30.92
31.25
31
31.08
31.17
31.5
32
32.5
33
33.5
34.08
34.5
35
35.67
36
36.33
36.67
36.92
36.58
36.58
36.83
36.5
36.17
36.17
36.17
36
36.17
36.5
36.75
36.83
36.42
36.17
36.33
36.75
36.75
37
37
37.0001966083438
37.0002621446377
37.0001966083438
37
37.0825856342946
37.1651143760625
37.2475859301897
37.33
37.3926391581951
37.4551857875113
37.517639523352
37.58
37.92
38.08
38.25
38.58
38.33
38.42
38.67
39.25
39.5
39.42
40
40.25
40.58
40.5
40.83
40.92
40.83
40.92
40.67
40.67
40.42
40.17
40.17
40.58
40
39.58
39.25
38.92
38.67
38.5
38.17
38.17
38
38.17
37.58
37.92
38
38.33
38.3
38.33
38.75
39.25
39.58
40
40.25
40.75
41.33
41.75
42
42.33
42.58
43
43.42
43.5
43.75
44
44.33
44.58
45
45.33
45
44.83
44.83
45.08
45.42
45.67
45.75
45.5
45.5
45.17
44.92
44.58
44.25
43.92
43.67
43.42
43
42.58
42.33
42.08
41.83
41.83
41.5
41.33
41.08
40.83
40.58
40.17
39.83
39.92
40.25
40.33
40.5
40.5
40.17
39.67
39.42
39
38.83
38.42
38.17
37.92
37.92
38.17
38.58
38.83
39.25
39.67
40
40.17
40.58
40.67
40.92
41.25
41.25
41.5
41.92
42.33
42.33
42.67
43.08
43.5
44
44.08
44.08
44.25
44.33
44.17
43.83
43.67
43.42
43.08
43
43.25
43.33
43.5
43.25
43
42.5
41.92
41.67
41.33
41.17
41
40.42
39.92
39.5
39.08
38.9977002856715
38.9152665786469
38.8326995831081
38.75
38.6677688156289
38.5853577939253
38.5027678761999
38.42
38.08
37.67
37.67
37.17
36.75
36.75
36.75
36.75
36.75
36.67
36.5
36.08
36.25
36.75
37
37.25
37.25
37.08
37.17
37.08
37.5
38
38.5
38.5
38.83
39.33
39.67
40.25
40.75
41.17
41.67
42
42.42
43
43.25
43.33
43.33
43.75
43.5
43.5
43.58
43.5
43.33
43.5
43.42
43.33
43.42
43.67
44.25
44.67
45.25
45.83
46.25
46.5
46.75
47
47.33
47.5
47.58
47.83
47.83
48
48.5
48.58
48.75
48.83
48.5
48.5
48.58
48.58
49.17
49.67
49.67
49.25
49.33
49.25
49.67
49.83
49.92
50.08
50.5
50.83
51
51.25
51.42
51.75
52.08
52.42
52.83
52.92
52.42
52.25
52.5
52.75
52.83
53.25
53.42
53.42
53.42
53.67
53.67
53.5
53.83
54.08
54.33
54.5
54.83
55.33
55.58
56
56.5
56.83
57.08
57.17
57.5
57.58
57.25
56.83
56.5
56.5
56.17
56
55.5
55
54.75
54.5
54.25
53.92
53.92
53.92
54.17
54.33
54.42
54.67
54.33
54.17
54
53.92
54.17
54.25
54.58
54.75
54.83
54.33
54.33
54.5
54.92
55.17
55.67
56.17
56.75
57.08
57.58
57.67
57.42
57.08
57
57.25
57.75
58.25
58.25
58.33
58.75
59.17
59.42
59.5
59.58
59.42
59.42
59.67
60
59.9582107326128
59.9159462981316
59.8732087118081
59.83
59.9351244367202
60.0401665016784
60.1451253187064
60.25
60.17
60.58
60.58
60.42
60.25
60.08
60
60.17
60.42
60.67
61
61.5
62
62.5
63
63.42
63.92
64.33
64.33
64.83
65
65.5
65.83
65.75
65.75
65.83
65.5
65.33
65.08
64.75
64.5
64.17
63.83
63.58
63.33
63
62.5
62.25
61.75
61.25
60.83
60.5
60.17
59.83
59.58
59.33
59.17
58.92
58.58
58.58
58.25
57.75
57.33
56.75
56.17
56.17
56.17
55.75
55.42
55.42
55.42
55.75
56.17
56.5
56.92
57.42
58
58.5
59.08
59.33
59
59
58.58
58.25
58
58.08
58.33
58.58
59
59.33
59.33
59.25
59.58
59.92
60.33
60.75
60.8550199948626
60.9600267568599
61.0650201409497
61.17
61.2526211308045
61.3351619756325
61.4176218344926
61.5
61.5825742199289
61.6650992498179
61.7475746559997
61.83
61.9153803447475
62.0005086758287
62.0853826743128
62.17
62.5
62.92
63
63.33
63.75
63.5
63.92
64.33
64.92
65.25
65.75
66.17
66.58
67
67.42
67.83
68.33
68.25
68.17
67.83
68.25
68.25
68.2934910809463
68.3363240488366
68.3784949847604
68.42
68.4826868294695
68.5452498333576
68.6076879232048
68.67
68.7329555571461
68.7956092052521
68.8579582553937
68.92
69.25
68.75
69
68.67
68.7529544181381
68.8356082590186
68.9179579809876
69
69.0201836935526
69.0402451592022
69.0601840450474
69.08
69.42
69.58
70.08
70.08
70.25
70.67
70.92
70.67
71
71.17
70.58
70.92
70.5
71.08
70.92
70.67
70.42
70.08
70.1033164683947
70.1260898661471
70.1483183217019
70.17
70.0858251357219
70.0010955060012
69.9158181417272
69.83
69.75
69.75
69.92
69.75
69.42
69.33
69.17
68.92
68.58
68.25
68
67.67
67.25
66.75
66.42
66.17
66.08
66.25
66.33
66.42
66.67
66.83
66.9154962486231
67.0006641187067
67.0854999394631
67.17
67.0451995698219
66.9202646486918
66.795197414311
66.67
66.42
66
65.5
65.08
64.58
64.33
63.92
63.92
63.92
64.42
64.42
64.83
65.17
65.08
64.83
64.67
64.58
65.08
65.1851546713177
65.2902071079409
65.3951559958902
65.5
65.582921768599
65.6655642723538
65.7479246472207
65.83
66.08
66.42
66.33
66.17
66.5
67
67.17
67.67
68.25
68.67
68.5
68.5
68.25
67.83
67.75
67.6451952347854
67.5402590937166
67.4351934137356
67.33
67.29048406424
67.2506442837438
67.2104823609391
67.17
66.83
66.83
66.83
67.08
67.67
67.83
68.08
68.33
68.5
68.75
69
68.5
68.17
68.5
68.58
68.5
68.83
69
68.42
68.33
68.67
68.75
69
69.33
69.67
69.92
70.17
70.5
70.08
69.75
69.67
69.33
69.25
69.25
69
68.83
68.5
68.25
68.75
69
69.5
69.67
70
70.42
70.83
71.25
71.58
72
72.5
72.92
73.33
73.3730304338205
73.4157090624811
73.4580331612014
73.5
73.4176129303691
73.3351498280832
73.2526118170136
73.17
73.1075529550552
73.0450703463188
72.982552565803
72.92
72.858543969592
72.7963869128146
72.7335364061226
72.67
72.5849999999995
72.4999999999997
72.4149999999998
72.33
72.2275808035767
72.1251071198396
72.0225798813493
71.92
71.8151706777575
71.7102262629782
71.6051687273786
71.5
71.3953527172671
71.290467649061
71.1853487762415
71.08
70.9549999999999
70.8299999999999
70.705
70.58
70.4549999999999
70.33
70.205
70.08
69.9350043269973
69.7900057278771
69.6450042652608
69.5
69.3749999999999
69.2499999999999
69.125
69
68.895554571169
68.7907357642993
68.6855490975701
68.58
68.58
68.17
67.75
67.33
67
66.67
66.25
66.5
66.83
67.25
67.67
68.25
68.75
68.812964193789
68.8756207617418
68.9379669535588
69
69.0213631592953
69.0418193028636
69.0613657678273
69.08
69.67
70.17
70.58
71
71.33
71.83
72
72.33
72.67
72.92
73.08
72.75
72.25
71.83
71.33
71.17
71.17
71
71.25
71.5
71.92
72.08
71.83
72
72.0833399053044
72.1661250676607
72.2483477190051
72.33
72.392763594913
72.4553527138128
72.5177654811937
72.58
72.33
72.33
72.08
71.67
71.7107586857063
71.7510138073812
71.7907620221065
71.83
71.9352078253468
72.0402787225106
72.1452102719074
72.25
72.42
72.92
73.5
73.58
73.67
73.83
73.92
74.33
74.67
75
75.33
75.58
75.75
76.08
76.08
76.08
76.1444093240076
76.2075573637068
76.2694267114063
76.33
76.2475416156848
76.1650551566243
76.0825411221531
76
76.0453793324944
76.0888509750881
76.1303969841282
76.17
76.2525658509434
76.3350883315742
76.4175666511415
76.5
76.5
77
77.42
77.75
77.668883117166
77.5868319314625
77.5038648507254
77.42
77.3361871980386
77.2515723987795
77.166171468631
77.08
77.0810920166681
77.0814560427421
77.0810920166681
77.08
77.0608058528436
77.0410728229314
77.0208033687306
77
76.8754296924055
76.7505675197438
76.6254216584417
76.5
76.5007384073147
76.5009845520647
76.5007384073147
76.5
76.75
76.75
76.67
76.5
76.17
75.75
75.25
74.92
74.5
74.17
73.75
73.58
73.17
73.17
73.33
73.5
73.5
73.562697908322
73.6252648861022
73.6876994258185
73.75
73.8126952039305
73.8752612818421
73.9376967239291
74
73.83
73.67
73.67
73.5
73.67
73.75
73.58
73.58
73.17
73
72.92
73
73.33
73.67
73.67
73.42
73.25
72.75
72.25
71.83
71.33
70.92
70.75
70.75
71.08
71.5
71.92
71.5
71.33
71.58
71.67
71.5
71.58
71.5612437462325
71.5416565483117
71.5212410512517
71.5
71.6051211774616
71.7101624985892
71.8151225781905
71.92
72.25
72.5
72.5
72.83
72.75
72.67
72.58
72.33
72.33
72.17
71.67
71.42
71.42
71.17
70.83
70.92
70.92
71.08
71
71
70.92
70.67
70.565056462805
70.4600748787195
70.3550558584667
70.25
70.1451319323723
70.0401749833618
69.9351305496535
69.83
69.7682308950718
69.7059715269011
69.6432264003832
69.58
69.58
69.67
69.58
69.42
69.67
70
69.83
69.58
69.58
69.25
69.08
68.75
68.83
69.08
69.5
70.08
70
69.92
69.83
69.83
69.58
69.42
69.17
69.08
69.08
68.75
68.42
68.17
67.83
67.5
67.08
67.08
66.92
66.5
66.3956050537642
66.2908031589507
66.1855997032223
66.08
66.0178433604115
65.955456621394
65.8928415746863
65.83
65.5
65.5
65
64.67
64.25
64.42
64.75
65
65.42
65.58
65.42
65.5
65.92
66.33
66
65.67
65.17
65.05
65.05
64.92
64.67
64.75
64.33
64.33
64
63.5
63
62.67
62.25
62.5
62.5
62.25
62.08
61.75
61.67
61.33
61
60.67
60.42
60.42
59.92
60.25
60.5
60.58
60.42
60.17
59.75
60.33
60.17
59.83
60
59.83
59.42
59
58.58
58.17
57.75
57.92
57.67
57.25
56.83
56.67
56.17
56
56.25
56.08
55.67
55.17
54.75
54.5
54.5
54.58
54.42
54.08
53.58
53.17
53.17
52.83
52.25
51.67
51.25
50.92
51.25
51.67
52.17
52.75
53.33
53.92
54.33
54.83
55.25
55.83
56.33
56.83
57
57.42
57.75
57.75
58
58.42
58.83
58.83
59.25
59.67
60.08
60.42
60.67
60.83
61.17
61.75
62.25
62.5
62.67
62.5
62.08
61.67
61.58
61.25
60.92
60.58
60.92
61.25
61.3951704892396
61.5402284845195
61.685172246128
61.83
61.7904706487975
61.7506266396635
61.7104693099681
61.67
61.83
61.75
61.58
61.17
60.75
60.42
60
59.5
59.5
59.42
59.3575832128528
59.2951107227724
59.2325828719225
59.17
59.1484872585002
59.1263153841096
59.1034858081194
59.08
59.17
59
58.83
58.83
59.08
59.33
59.58
59.5
59.58
59.75
59.67
59.42
59.25
59.33
59.25
59.42
59.17
59.33
59.33
59.33
59.25
59
58.67
58.42
58.08
57.75
57.5
57.5
57.17
56.83
56.33
55.92
55.58
55.17
54.92
54.67
54.5
54.58
54.17
53.75
54.17
54.25
53.83
53.7475904895266
53.6651203739753
53.582590072302
53.5
53.5431608127869
53.5858821331621
53.6281623847012
53.67
54.17
54.17
54
53.75
53.5
53.25
52.83
52.42
52.17
51.83
51.42
51
50.5
50.5
50
49.42
49
48.5
48
47.5
47.08
46.5
46.08
45.67
45.25
44.75
44.33
43.92
43.42
43.17
42.83
42.67
42.92
43.25
43.25
43
42.58
42.58
42.25
42.08
41.58
41.33
40.83
40.67
40.67
40.33
40.08
39.92
39.8977013647871
39.8752683564343
39.8527011696582
39.83
39.7675232722421
39.7050309879708
39.6425232097852
39.6268938516306
39.6112635299637
39.595632245764
39.58
39.5593822711506
39.5387635668066
39.5181438882614
39.4975232368069
39.4150309276643
39.3325231548149
39.25
39.1877005124886
39.1252669935001
39.0626999781093
39
38.67
38.25
37.92
37.5
37
36.5
36
35.58
35.17
34.92
34.83
34.67
34.33
34.83
35.33
35.75
36.33
36.92
37
37.42
37.75
37.67
38.08
38.08
38.5
38.92
39.42
39.58
39.67
39.83
39.75
39.58
39.42
39.08
38.83
38.75
39.17
39.5
39.75
40
40.42
40.83
40.92
40.58
40.17
40
39.75
39.42
39.17
39.08
39.25
38.92
38.58
38.25
38.25
38
37.75
37.33
37.08
37.08
37.33
37.58
37.75
37.5
37.42
37.42
37.3976974224082
37.3752631059973
37.3526972363918
37.33
37.2050493193052
37.080065587447
36.9550490624278
36.83
37
36.75
36.58
36.17
35.92
35.58
35.25
34.83
34.58
34.33
33.83
33.42
33
32.58
32.42
32.08
31.67
31.67
31.67
31.25
30.92
30.83
30.67
30.42
30.33
30.17
30.25
30.08
30
29.75
29.17
29.17
28.67
28.42
28.17
28.17
27.83
27.42
27
26.67
26.75
26.33
26
25.58
25.25
25
24.58
24.58
24.58
24.25
24
23.67
23.42
23.08
22.83
22.75
22.67
22.67
22.25
22.67
22.17
22.5
22
21.83
21.75
21.5
21.42
21.25
20.92
20.5
20.33
20.33
20.75
21
21.42
21.42
21.67
21.67
21.5
21.5
21.25
21
20.67
20.25
19.92
19.5
19
18.42
18.08
17.75
17.33
16.92
16.5
16.17
15.75
15.33
14.75
14.25
13.75
13.25
12.83
12.17
11.75
11.42
11.17
10.92
10.67
10.42
10.42
9.83
9.83
9.42
9.33
9
8.67
9.08
9.58
9.70500791829167
9.83001060621156
9.95500799107766
10.08
10.122570952539
10.1650947466465
10.2075711674255
10.25
10.58
10.58
10.92
11.33
11.75
12.08
12.25
12.67
12.67
12.75
13.33
13.5
13.33
12.75
12.08
11.67
11.17
10.83
10.25
9.67
9.17
9.25
9.25
8.58
8.25
7.75
7.17
6.92
6.83
6.42
6.08
5.75
5.42
4.92
4.42
3.92
3.42
2.92
2.58
2
1.42
1.42
1.67
1.92
2.17
2.5
2.83
3.33
3.75
4.25
4.75
5.08
5.67
5.67
6.08
6.67
7
7.33
7.83
8.25
8.08
8.5
9
9.58
10.17
10.67
11
11.42
11.92
12.5
13.08
13.67
14.25
14.75
15.33
15.83
16.33
16.75
16.92
16.58
16.33
16.08
15.75
15.75
15.75
15.83
16.08
16.58
17.17
17.75
18.33
18.83
18.83
19.25
19.5
19.92
19.92
20.25
20.67
21.08
21.5
21.92
22.33
22.75
22.42
22.17
21.83
21.75
21.67
21.58
21.5
22.08
21.75
21.58
21.42
21.42
21.08
20.75
20.33
19.92
19.75
19.67
19.33
19
18.58
18.25
18.08
17.83
17.42
17.17
17
16.58
16.33
16.25
16.17
15.75
15.83
15.42
15
14.42
13.83
13.25
12.67
12.17
11.75
11.25
11.25
10.83
10.25
10.25
9.75
9.25
9.17
8.92
8.33
8.08
8.25
8.58
9
9.58
10.17
10.67
11.17
11.58
12
12.42
13
13.5
14
14.5
15
15.5
16
16.42
17
17.5
18.08
18.08
18.67
19
19.25
19.75
20.25
20.83
21.25
21.67
22.17
22.25
21.83
21.25
20.92
20.75
20.75
21
21.42
21.75
22.25
22.25
22.42
22.92
22.75
22.75
23.08
23.5
23.75
23.92
24.33
24.75
24.75
25
25.33
25.42
25.33
25.25
25.17
25.25
25.42
25.25
25.25
25.17
25.08
25.17
25.25
25.33
25.33
25.42
25.58
25.67
25.75
26.25
26.67
27
27
26.83
26.67
26.42
26.67
26.58
26.92
26.92
27
27.42
27.67
27.83
28.25
28.75
29.25
29.83
30.17
30
30.25
30.5
30
29.58
29.42
29.25
28.75
28.25
27.83
27.42
27
26.67
26.25
25.83
25.42
25.17
25.58
26
26.08
25.75
25.75
25.25
24.75
24.25
24.25
24
23.92
24.17
24.17
24.08
24.17
24.58
24.92
25.25
25.58
25.83
26.17
26.08
25.83
25.33
24.75
24.33
24
23.75
23.67
23.5
23.08
22.67
22.42
21.92
21.42
21.42
21.17
20.83
20.42
20.42
20
19.5
19.08
18.92
18.83
18.58
18.08
17.92
17.83
17.67
17.17
16.92
17
16.92
16.67
16.5
16.25
15.92
15.58
15.42
15.25
15.08
14.92
14.75
14.5
14.08
14.08
13.92
13.92
13.58
13.33
13.25
13.33
13.33
13
12.83
12.75
12.67
12.75
13.25
13.75
14
14.58
15.17
15.67
16.08
16.5
17
17.5
17.75
18.17
18.67
19.17
19.67
20.08
20.25
20.58
20.58
20.92
21.5
21.92
22.25
22.75
23.25
23.75
24.08
24.33
24.83
25.33
25.83
26.17
26.67
27.17
27.58
28
28
28.5
29
29.5
28.92
28.33
27.92
27.75
28.08
28.42
28.75
29.08
29.58
29.58
30
NaN
74.08
74.33
74.5
74.42
74.08
NaN
40.33
40.33
40.33
40.33
40.33
40.33
40.58
40.67
41
41
40.92
40.67
40.33
NaN
14.08
13.75
13.33
13.08
12.75
12.5
12.75
12.92
13.42
13.42
13.5
13.83
14.17
14.25
14.08
NaN
-2.08
-2.75
-2.33
-2.5
-2.5
-2.17
-2.08
-1.75
-1.33
-0.75
-0.42
0.08
0.25
0.25
0.17
-0.17
-0.75
-1.17
-1.58
-2.08
NaN
-6
-6.5
-7
-7.42
-8.08
-8.58
-8.75
-8.25
-7.75
-7.17
-6.83
-6.5
-6.41753179592029
-6.33504220530285
-6.25253151210506
-6.17
-6.06501062509922
-5.96001408167863
-5.85501049746473
-5.75
-5.60500451966582
-5.46000597204522
-5.31500443844044
-5.17
-4.58
-4
-3.33
-4
-4.5
-5
-5.58
-6
NaN
-12.17
-12.58
-13
-13.42
-13.75
-14.17
-14.08
-14.5
-13.83
-13.42
-12.83
-12.25
-12.1050096299713
-11.9600127821487
-11.8150095433381
-11.67
-11.5225346185063
-11.3750459380663
-11.2275342889031
-11.08
-10.58
-9.92
-9.58
-9.83
-10.83
-11
-11.75
-12.17
NaN
42.5
42.08
41.67
41.33
41.17
41.08
41.17
41.08
41.33
41.58
41.83
42
41.92
41.92
42
41.67
41.67
41.25
41.25
41
41.08
40.92
41
41.08
41
41.08
41.42
41.67
42
42.33
42.33
42.75
42.92
43.17
43.42
43.67
44.08
44.33
44.42
44.58
44.75
45.08
45.08
45
45.08
44.83
44.75
44.5
44.33
44.58
45
45.17
45.33
45.75
45.92
46.17
46
46.25
46.58
46.58
46.58
46.58
46.17
45.83
45.67
45.17
44.83
44.67
44.33
43.92
43.42
43.33
42.83
42.5
NaN
45.92
45.75
45.42
45.25
45.42
45.42
45.33
45.83
46.25
46.42
46.67
46.67
47
47.08
47.25
47.17
47.08
46.75
46.67
46.42
46.08
45.92
NaN
44.75
44.42
44.25
43.75
43.42
43
42.5
42.08
41.83
41.42
41
40.58
40.5402720653442
40.5003624390396
40.4602715930502
40.42
40.397701970215
40.3752691624447
40.352701773244
40.33
40
39.5
39.17
39.17
38.58
38.08
37.58
37.42
37.33
37.08
36.75
36.58
36.75
36.92
36.83
37.17
37.17
37.83
38.5
39.08
39.17
39.58
40
40
40.33
40.83
40.67
40.67
41
41.33
41.67
42.08
42
41.67
41.25
41.75
41.8550065741483
41.9600087859341
42.0650066048179
42.17
42.2725939625859
42.3751255699114
42.4775943931191
42.58
42.6425235348704
42.7050314237896
42.7675236008948
42.83
42.83
43.17
43.67
44.17
44.33
44.58
44.58
44.5
44.5
45
45.0827746816596
45.1653669478635
45.2477757414615
45.33
45.3529599144958
45.3756135436531
45.3979603995707
45.42
45.17
45.25
45.25
45.5
45.92
46.42
46.83
47.17
47.17
47.17
47.25
46.83
46.75
46.58
46.33
46.25
45.92
46.08
45.67
45.17
44.75
NaN
45
44.5
44.25
43.67
43.67
43.67
43.5
43.67
44.17
44.67
44.75
45
45.33
45.75
46
46.42
46.75
46.5
46.67
46.5
46.17
46.33
45.92
45.92
45.83
45.42
45
NaN
45.58
45.25
44.92
45.67
46
46.17
46.42
46.58
46.42
46.48
46.33
46.42
46.75
46.75
46.58
46.67
46.58
46.67
46.75
46.67
46.75
46.42
46.17
45.58
NaN
51.58
51.33
51.5
51.67
52.17
52.5
52.67
53
53.5
54
54.5
55.08
55.58
55.75
55.5
55.17
54.75
54.33
53.92
53.5
53.08
52.75
52.5
52.17
51.83
51.75
51.58
NaN
61.08
60.75
60.33
59.92
59.92
60.17
60.17
60.5
60.83
61.17
61.33
61.58
61.58
61.33
61.08
NaN
61.75
61.5
61.33
60.92
60.92
61.08
61.42
61.67
62
62.42
62.67
62.83
62.58
62.5
62.17
62.17
61.75
NaN
-21.92
-21.33
-20.92
-20.5
-20
-19.58
-19
-18.58
-18
-18
-17.42
-16.92
-16.17
-16.17
-15.92
-15.75
-15.5
-15.25
-14.75
-14.75
-14.33
-14.08
-13.58
-13.5
-13.33
-12.92
-12.42
-12
-12.5
-13
-13.58
-14.17
-14.92
-15.42
-15.92
-15.5
-16.33
-16.75
-17
-17.42
-17.42
-18
-18.5
-19.08
-19.58
-20.08
-20.5
-20.92
-21.33
-21.75
-22.17
-22.58
-23
-23.42
-23.75
-24.25
-24.67
-25.17
-25.08
-25.25
-25.5
-25.58
-25.33
-25
-24.5
-23.92
-23.25
-22.83
-22.33
-21.92
NaN
-21
-20.92
-21.17
-21.33
-21.33
-21
NaN
-20.5
-20
-20.17
-20.5
-20.5
NaN
12.42
12.67
12.58
12.5
12.25
12.25
12.42
NaN
-48.83
-48.67
-49
-49.25
-49.17
-49.08
-49.42
-49.42
-49.67
-49.5
-49.67
-49.25
-48.83
NaN
11.5628310745619
11.8211899644143
12.7376824229216
12.7509134105868
12.6121693538125
11.5628310745619
NaN
12.9970189100361
13.1610567732303
13.4075404254359
13.4899831184673
13.4713620370773
13.1872410914329
12.9970189100361
NaN
2.36634815631389
2.51322183889086
2.7189282267963
2.85555812834429
2.88238737331295
2.61840095485437
2.36634815631389
NaN
1.33
1.5
1
0.58
1
1.33
NaN
-1
-0.92
-1.67
-1.75
-1.5
-1
NaN
8.08
8.5
9
9.42
9.83
9.5
9
8.5
8
7.58
7
6.5
6.17
6
6
6.42
7.08
7.5
8.08
NaN
19.33
19.58
19.92
20
20
20
19.67
19.33
18.83
18.5
18.25
18.25
18.5
18.92
19.33
NaN
23.67
24.17
24.58
25
25.25
25.08
24.58
24.08
23.5
23
22.58
22
22.42
22.58
23.17
23.67
NaN
33.25
33.5
33.83
33.92
33.67
33.67
33.25
32.83
32.42
31.92
31.42
31.08
31.25
31.67
32.08
32.33
32.75
33.08
32.75
32.75
33.25
NaN
33.42
33.67
34
33.92
34.25
34.33
34.17
33.83
33.58
33.25
33.5
33.33
33.08
32.75
32.92
33.42
NaN
34.33
34.5
34.75
35.08
35.5
35.5
35.58
35.67
35.75
35.5
35.67
36.08
36.42
36.83
37.25
37.5
37.08
36.75
37
37.17
37.17
37.42
37.83
38.08
38.58
39
39.42
39.92
40.33
40.67
41.17
40.92
40.92
41.17
41.17
41.5
41.33
41
40.58
40.17
39.67
39.08
38.75
38.33
38.33
38.08
37.58
37
36.75
36.17
35.75
35.75
35.5
35.17
34.92
35.5
35.25
35.25
34.58
35.08
34.58
34.58
35
34.67
34.33
33.92
33.42
33.5
33.92
34.33
34.75
34.75
34.83
34.58
34.5
34.33
34.25
33.92
34
33.92
34.33
NaN
42.58
42.92
43.25
43.17
43.17
43.42
43.75
44
44.33
44.75
45.25
45.5
45.17
44.75
44.75
44.5
44.17
44
43.92
44.25
43.75
43.58
43.33
43.42
43.17
42.92
43
42.67
42.33
42
42.25
42.58
42.5
42.33
42.5
42.5
42.25
42.08
41.83
41.67
41.42
42
42.25
42.58
NaN
26.079590772794
26.3182613929584
26.563335547369
26.8714925225757
26.8272743638904
26.738194004126
26.4189924871751
26.1224784272633
26.079590772794
NaN
28.0781422840092
28.1157882544363
28.266503271161
28.3733150541133
28.4989357818367
28.4427377926625
28.0781422840092
NaN
43.956452059924
44.5230760466893
44.4503364352471
43.956452059924
NaN
44.42
45
45.33
45.25
45.5
45.08
44.75
44.42
NaN
45.67
46.08
46.25
45.75
45.67
NaN
50.27
50.42
50.75
50.5
50.2
50
50.27
NaN
54.83
55.17
55
54.58
54.83
NaN
58.5
59
59.17
58.92
58.5
NaN
53.33
53.58
53.6425487044387
53.7050650530651
53.7675488754291
53.83
53.9350484628332
54.0400648090015
54.1450487514848
54.25
54.2701367171866
54.2901823934683
54.310136872925
54.33
54
53.5
53
52.5
52
51.5
51
50.5
50
49.5
49.08
49.33
49.33
49.33
49.08
48.75
48.33
47.83
47.5
47.25
46.92
46.75
46.25
46.58
46.67
46.42
45.92
46.58
47
47.58
48
48.5
48.75
49.08
49.5
50
50.5
51
51.42
51.75
52.25
52.75
53.33
NaN
71
70.83
71.12
71.53
71.53
71.4403431646578
71.3504553438929
71.2603398650137
71.17
71.1040455309415
71.0370533924883
70.9690345551122
70.9
71
NaN
73.5
73.83
73.92
73.5
73.17
73.25
73.5
NaN
74.25
74.25
74
73.92
74.25
NaN
75.58
75.42
75.33
75.17
74.75
74.75
75.08
75.58
NaN
75.25
75.92
76.17
75.75
76.17
75.83
75.83
75.67
75.42
75.08
74.83
75
74.83
74.67
74.75
75.25
NaN
77.92
78.33
78.83
79.25
79.42
79.17
78.83
78.33
78.17
78.17
77.92
NaN
80.08
80.5
80.92
81.25
81
80.9378008414093
80.8753983763956
80.8127967479608
80.75
80.6875661738073
80.6250876435922
80.5625652972709
80.5
80.4175918568378
80.3351214304415
80.2525903018119
80.17
80
79.9177424830354
79.835320687667
79.7527385782599
79.67
79.5651333681195
79.4601760528307
79.3551307367883
79.25
78.83
78.75
78.92
79.08
79.5
79.67
80.08
NaN
71.58
71.7050000000001
71.8300000000001
71.955
72.08
72.1430533847988
72.2057404440702
72.2680572892352
72.33
72.4150291840309
72.5000391012074
72.5850294691485
72.67
72.7013297118346
72.7326490652087
72.7639580036132
72.7952564701456
72.8265444075061
72.8578217580013
72.8890884635299
72.9203444655871
73.0452602546236
73.17
73.2330234478199
73.2957005471722
73.3580273821441
73.42
73.5026103203792
73.5851478337515
73.6676114356024
73.75
74.17
74.75
75.08
75.33
75.33
75.58
75.92
76.25
76.25
76.42
76.75
77
76.83
76.33
76.08
75.83
75.67
75.33
75
74.58
74.17
73.75
73.33
72.92
72.5
72
71.5
71.08
70.9984117229016
70.9162103789705
70.8334038651029
70.75
70.7077881729807
70.6653833859811
70.6227869073451
70.58
70.67
70.83
70.9155014003511
71.0006715310699
71.0855059119766
71.17
71.2731626159639
71.3758883606905
71.4781699575122
71.58
NaN
68.75
69.25
69.58
69.25
68.92
68.75
NaN
80.6666754169739
80.6745569077346
80.8487189631018
80.9379945870164
81.0590142670808
81.2686854929056
81.1606228564974
81.0426940893492
80.8940394356959
80.7740079487712
80.6666754169739
NaN
80.3914706656765
80.7020921969396
80.8246532008455
80.8689267222993
80.800055202714
80.8086511883287
80.8966716757807
80.6700442669082
80.5571380427097
80.4004180732853
80.4882825276409
80.3914706656765
NaN
79.8720763762114
79.9258121962952
79.9820451209876
80.1152435379924
80.2778949281676
80.2387936307562
80.1812689407859
79.9343604620209
79.8720763762114
NaN
80.4523325647651
80.427747800857
80.3428611752054
80.1989998792141
80.0374961336987
80.1042686647626
80.4523325647651
NaN
80.8
81.03
81.03
81.42
81.75
81.33
81
80.8
80.63
80.8
NaN
80.25
80.5
80.4452708359674
80.3903590493634
80.3352677532055
80.28
80.2734138874779
80.2662175967534
80.2584124801774
80.25
NaN
80.55
80.9
80.75
80.55
80.78
80.67
80.4
80.12
80.05
80.17
80.42
80.42
80.55
NaN
79.75
79.83
79.67
80.03
79.92
80.25
80.5
80.17
80.42
80.25
80.25
80.17
79.87
79.42
79.17
79.33
79.7
79.17
78.83
78.42
78.08
77.75
77.25
77.42
77.92
78.18
78.63
78.42
78.03
77.5
77
76.5
77.02
77.5
77.95
78.0181533534696
78.0858760822362
78.153160799991
78.22
78.2211929291399
78.2215905990401
78.22119292914
78.22
78.7
79.33
79.75
NaN
62.08
62.3
62.37
62
62.08
NaN
59.9485027188086
60.0779174778201
60.2220852429074
60.3864762186728
60.517910131491
60.2983366822249
60.1686759484348
59.9485027188086
NaN
58.8595972966356
58.9399113750031
59.0396805602362
59.1908789323131
59.2120648219004
58.9822021959451
58.8734798359035
58.8595972966356
NaN
57.58
57.83
58.17
58.5
58
57.58
NaN
55.47
55.58
55.37
55.05
55.05
55.47
NaN
55.7
55.9
56.1
56.0000195036025
55.9000259275303
55.8000193880268
55.7
55.6426284617988
55.5851709923572
55.5276280272981
55.47
55.28
55.13
55.2
55.7
NaN
54.83
54.92
54.83
54.67
54.58
54.83
NaN
57.5
57.78
57.93
57.7
57.28
57.08
57.5
NaN
58.33
58.62
58.5
58.3
58.1
58.33
NaN
58.88
59.08
58.83
58.72
58.88
NaN
50.08
50.42
50.75
51.17
51.17
51.17
51.58
51.33
51.58
51.67
51.58
51.6425229606329
51.705030665266
51.7675230373853
51.83
51.8927759721379
51.9553685809607
52.0177769001319
52.08
52.25
52.75
52.75
53.08
53.33
53.25
53.33
53.75
54.17
54.17
54.5
54.92
54.75
54.58
54.6650837767226
54.750111975874
54.8350841880072
54.92
55.0651283348393
55.2101718368697
55.3551294248244
55.5
55.5826277925148
55.6651708051968
55.7476284166117
55.83
55.83
55.42
55.75
55.75
56.08
56.5
56.33
56.67
57.17
57.17
57.42
57.58
57.42
57.75
58.08
58.5
58.5
58.58
58.33
58
57.58
57.67
57.67
57.67
57.33
57
56.58
56.25
56
56
55.83
55.83
55.5
55
54.58
54.42
54
53.67
53.42
53.08
52.83
52.67
52.92
52.92
52.75
52.42
52
51.75
51.33
51.25
50.83
50.67
50.67
50.75
50.5
50.67
50.58
50.17
50.33
50
50.08
NaN
52.17
52.17
52.67
53.17
53.17
53.5
53.75
53.92
54.25
54.25
54.25
54.5
54.67
55.08
55.25
55.17
55.08
54.75
54.25
53.92
53.5
53
52.58
52.17
52.08
51.75
51.58
51.5
51.75
52.17
NaN
42.5
42.67
43
42.5
42.17
41.83
41.33
41.75
42.08
42.5
NaN
40.92
40.83
40.92
41.25
40.83
40.42
40
39.58
39.17
39.17
38.83
39.17
39.67
40.17
40.58
40.92
NaN
37.92
38.17
38.17
38
38
38.08
38.25
37.83
37.33
37
36.67
36.75
37.08
37.17
37.5
37.5
37.92
NaN
37.75
38.08
38.25
38.08
37.83
37.33
37.42
37
36.42
36.75
36.42
36.75
36.75
37
37.42
37.75
NaN
35.17
35.58
35.5
35.33
35.42
35.3
35.33
35.08
35.25
34.97
34.93
34.9
35.08
35.17
35.17
NaN
35
35.08
35.25
35.33
35.42
35.58
35.17
34.92
34.92
34.7
34.58
34.67
35
NaN
39.58
39.92
39.67
39.27
39.5
39.58
NaN
36.17
36.45
36.08
35.88
36.17
NaN
39.0073952822487
39.0479510917006
39.20596678632
39.1036273472459
39.1469304274766
39.2177280900838
39.2743582217914
39.3774659437758
39.3552741227911
39.1366036028302
39.0073952822487
NaN
38.2570834577285
38.6004044822847
38.5677866331395
38.4164823190358
38.2841471734031
38.2570834577285
NaN
38.5122903980545
38.4166856182679
38.3839155864956
38.39997977563
38.4655060432826
38.577908585877
38.5122903980545
NaN
37.6972938234956
37.7382064684788
37.7829779636578
37.9246567674286
37.8627799910007
37.895945706446
37.7880436033691
37.6972938234956
NaN
28.33
28.38
28.58
28.17
28
28.33
NaN
28
28.17
28.08
27.83
27.75
28
NaN
28.8331574988704
28.9411547621885
29.0434560063252
29.1478747199861
29.1371633158594
29.0418169209511
28.8331574988704
NaN
28.1886056482134
28.3599452791151
28.641902186767
28.4556789848521
28.3387778294499
28.1886056482134
NaN
3.33
3.75
3.58
3.25
3.33
NaN
-34.17
-33.58
-33.5
-33.25
-32.92
-32.33
-31.75
-31.42
-31
-30.5
-30
-29.5
-29.08
-28.58
-28.08
-27.67
-27
-26.67
-26.17
-26.58
-25.67
-26.08
-26.08
-26.42
-25.83
-25.42
-25
-24.42
-23.92
-23.5
-23.08
-22.67
-22.25
-21.83
-22.33
-21.92
-21.67
-21.5
-21.08
-20.83
-20.67
-20.67
-20.67
-20.33
-20.33
-20
-20
-19.83
-19.75
-19.42
-19.08
-18.58
-18.17
-18.17
-17.83
-17.42
-17
-16.5
-17.08
-17.5
-17
-16.67
-16.17
-16.42
-16
-15.5
-15.08
-14.67
-14.67
-14.33
-14.25
-13.92
-14
-14.42
-14.75
-15.25
-14.92
-14.92
-15.25
-14.83
-14.5
-14.08
-13.67
-13.58
-13.58
-13.17
-12.75
-12.33
-12.33
-12.33
-12.2050210088767
-12.0800279038991
-11.9550208471094
-11.83
-11.7275374550532
-11.6250497773624
-11.5225372111452
-11.42
-11.4601433154948
-11.5001913334305
-11.5401436845294
-11.58
-11.92
-12
-12.17
-12.33
-12.17
-12.58
-12.08
-12.42
-12.83
-13.33
-13.33
-13.83
-14.25
-14.58
-15
-15.33
-15.5
-16
-16
-16.33
-16.58
-16.83
-16.83
-17
-17.42
-17.83
-17.75
-17.5
-17
-16.58
-16.08
-15.58
-15.08
-14.58
-14.08
-13.58
-13
-12.67
-12.17
-11.83
-11.25
-10.83
-11.08
-11.67
-12.17
-12.67
-13.25
-13.75
-14.33
-14.5
-14.33
-14.67
-15
-15
-15.5
-16
-16.58
-17
-17.33
-17.83
-18.33
-18.67
-19
-19.33
-19.42
-19.83
-20.17
-20.42
-20.83
-21.08
-21.42
-21.92
-22.42
-22.08
-22.42
-22.67
-23.17
-23.58
-23.92
-24.08
-24.58
-25.08
-25.5
-26.08
-26.08
-26.5
-27.08
-27.58
-28.17
-28.67
-29
-29.5
-30
-30.58
-31
-31.5
-31.92
-32.33
-32.75
-33
-33.42
-33.83
-34.33
-34.92
-35.25
-35.75
-36.25
-36.75
-37.17
-37.58
-37.83
-37.83
-37.92
-38.08
-38.42
-38.42
-38.67
-39.17
-38.92
-38.67
-38.25
-38.42
-37.83
-38.25
-38.5
-38.83
-38.67
-38.42
-38.33
-38.25
-38.42
-38.08
-38
-37.67
-37.33
-37
-36.75
-36.33
-35.92
-35.58
-35.67
-35.42
-35
-34.67
-34.25
-34.75
-34.75
-35.17
-35.17
-35.25
-35
-34.83
-34.5
-34
-33.58
-32.83
-33.17
-33.67
-33.92
-34.25
-34.58
-35
-34.58
-34.17
-33.75
-33.25
-33
-32.58
-32.33
-32.17
-32
-32
-31.75
-31.58
-31.58
-31.58
-31.58
-31.58
-31.67
-31.83
-32.08
-32.17
-32.25
-32.17
-32.33
-32.67
-32.83
-33
-33.5
-33.83
-33.83
-33.83
-33.83
-33.83
-33.83
-33.92
-34
-34.42
-34.42
-34.75
-35
-35
-35
-35
-34.83
-34.33
-34.17
NaN
-11.83
-11.33
-11.5
-11.33
-11.58
-12
-11.83
-11.83
NaN
-35.92
-35.75
-35.67
-35.92
-36.17
-36.17
-35.92
NaN
-40.67
-40.83
-41.17
-41.17
-41
-40.83
-41
-41.5
-42
-42.17
-42.58
-43.08
-42.83
-43.17
-43.58
-43.5
-43.25
-42.92
-42.5
-42.17
-41.75
-41.17
-40.67
NaN
-36.9214313780351
-37.0138259675808
-36.9496236032213
-36.7884883281087
-36.706081429688
-36.7878838467347
-37.02490195245
-37.4262759765111
-37.8988032180634
-37.9644603486482
-37.935249852552
-37.7053778066973
-37.5651908272572
-37.6605675516206
-37.8642775226856
-38.5342748262274
-38.6129681644187
-38.9277043585977
-39.0020396345478
-39.0448125301667
-39.1462282899703
-39.2824687336338
-39.4561537125148
-39.6930788408725
-39.7913091952717
-40.1345351475686
-41.1731476974194
-41.4572471810745
-41.6149175033622
-41.4290097657017
-41.3134833766605
-40.5968077518065
-40.3534366161144
-40.1813872496992
-39.8067082890437
-39.463077451295
-39.261368958778
-39.196833448992
-38.7129399625059
-38.449120117956
-38.1027760135149
-37.9430247718638
-37.7147544951605
-37.5232014721948
-37.1316936376544
-36.8796091872976
-36.7860579476267
-36.4499589263557
-36.4031112106002
-36.1374391943823
-35.9730163945766
-36.3185421108039
-36.3814171621978
-36.3777906104963
-35.3438456032304
-35.2917409583199
-35.1716989677222
-35.0382533525486
-34.7601104856269
-34.4376213707464
-34.4180645954477
-34.4633999932764
-34.4069334273684
-34.5352663973375
-34.6178608783104
-34.8603809796037
-34.9940870970795
-34.927324558089
-34.9405530224395
-35.1597334094204
-35.3418503720428
-35.3551443286381
-35.2723535279908
-35.285645520301
-35.35961356821
-35.5221075807479
-35.7385031205974
-35.7506031820566
-35.8246259400191
-35.8986890861489
-35.8648831066903
-36.2330559446755
-36.3753319067354
-36.3667340419923
-36.5628945925701
-36.553854625301
-36.5920373045209
-36.6714432777169
-36.7241100481202
-36.8036580046453
-36.8563974332845
-36.9214313780351
NaN
-45.92
-45.42
-45.08
-44.75
-44.42
-44.08
-44
-43.67
-43.33
-43
-42.67
-42.25
-41.83
-41.67
-41.33
-40.92
-40.67
-40.67
-40.92
-41.33
-41.17
-40.92
-41.25
-41.33
-41.83
-42.17
-42.58
-43
-43.17
-43.5
-43.75
-43.75
-44.08
-44.33
-44.67
-45.08
-45.5
-45.92
-46.25
-46.5
-46.67
-46.5
-46.42
-46.17
-46.25
-46.17
-45.92
NaN
-47.33
-46.67
-47
-47.33
NaN
5.67
5.67
5.33
5.33
5.25
4.92
4.5
4.08
4.08
3.75
3.5
3.17
2.67
2.17
2.25
1.75
1.67
1.17
1.08
0.58
0.58
0.17
-0.25
-0.67
-1
-1
-1.67
-1.92
-2.33
-2.33
-2.67
-3
-3.5
-4.17
-4.67
-5.25
-5.75
-5.5
-5.5
-5.5
-5.75
-5.58
-5.08
-4.75
-4.25
-3.83
-3.5
-3.17
-2.58
-2.08
-1.67
-1.08
-0.67
-0.25
0.08
0.33
1
1.5
1.83
2.17
2.42
2.92
3.33
3.75
3.83
4.33
4.75
5.17
5.67
NaN
-6.67
-6.33
-5.83
-6
-5.83
-5.92
-6.17
-6.25
-6.67
-6.75
-6.75
-6.83
-6.83
-6.33
-6.33
-6.58
-6.75
-6.83
-7.08
-7.5
-7.67
-7.58
-7.67
-8.17
-8.58
-8.5
-8.33
-8.17
-8.33
-8.17
-8.17
-8.08
-8
-7.75
-7.67
-7.67
-7.75
-7.67
-7.42
-7.33
-7.25
-7
-6.75
-6.67
NaN
-8.74
-8.39
-8.25
-8.17
-8.41
-8.74
NaN
-8.41104686737567
-8.31513720330521
-8.23850275663592
-8.14112393707432
-8.04693716012936
-8.02632336439236
-8.2045125956636
-8.13412136544481
-8.17755131869922
-8.24549682209156
-8.45229962510046
-8.24047674160013
-8.2229397160943
-8.32303393577706
-8.51660162952348
-8.49766161526527
-8.54484714508597
-8.72669262138055
-8.63484539966358
-8.61235565715134
-8.64093883774496
-8.71092798000638
-8.79437514604275
-8.75478928660519
-8.63075970987202
-8.60522193470337
-8.85261847265665
-8.83527108123706
-9.04628387252848
-9.02781109505081
-9.08827341335281
-9.06163672559732
-8.97738879499421
-8.85018716540458
-8.7288715260848
-8.61455696645733
-8.42958305171861
-8.49826401865994
-8.62511406456012
-8.69280312510885
-8.57196026340501
-8.56269505419067
-8.47663467713424
-8.41104686737567
NaN
-8.217147185206
-8.37717688086487
-8.48047251303811
-8.78891983332545
-8.77217583443668
-8.91879755691578
-8.8424742045866
-8.96829670675575
-8.98540185961284
-8.77019179860951
-8.75374619466182
-8.4983110354637
-8.38806259951003
-8.29202678960401
-8.21220852858177
-8.26389127802245
-8.51062940649318
-8.64800035662666
-8.65237824075205
-8.518838368821
-8.4761458554594
-8.55708755566288
-8.50313307502545
-8.40506946331763
-8.1727453755201
-8.09667607028572
-8.04962935658149
-8.07446822895798
-7.97545059520764
-7.99363350175412
-8.08061928585358
-8.217147185206
NaN
-8.48030162933665
-8.3706895723723
-8.25228615033961
-8.24990993107508
-8.35134764177375
-8.48030162933665
NaN
-8.88506847700632
-8.8290843858457
-8.68125088548129
-8.48053453359116
-8.32834935339669
-8.28269026263688
-8.37906860233304
-8.88506847700632
NaN
-8.42
-8.08
-8.1226030733851
-8.16513768314841
-8.20760345126261
-8.25
-8.29266530041313
-8.33522079734325
-8.37766589534082
-8.42
NaN
-7.92
-7.58
-7.5
-7.92
-7.92
NaN
-9.42
-9.33
-9.33
-9.58
-10
-10.25
-9.92
-9.75
-9.75
-9.42
NaN
-10.33
-9.67
-9.33
-9.17
-9
-8.67
-8.5
-8.42
-8.33
-8.33
-8.67
-8.92
-9.08
-9.25
-9.58
-10.08
-10.25
-10.33
NaN
-7.92
-7.42
-7.08
-7.58
-7.92
NaN
-6.92
-6.33
-5.83
-5.42
-5.92
-6.5
-6.92
NaN
-1.92
-1.58
-1.5
-2
-2.42
-2.5
-3
-2.62
-2.25
-2
-1.92
NaN
-3.08
-2.5
-2.67
-3.17
-3.08
NaN
-7.17947357427633
-7.13003635652306
-6.98003584545403
-6.90380885719669
-6.92181325660225
-6.85526626130036
-6.89199111624995
-7.16353292357206
-7.17947357427633
NaN
1
1.58
2
1.75
1.67
1.58
2.25
2.83
2.92
3
3.33
3.75
4.08
4.08
4.67
4.92
4.92
5.33
5.83
6.25
6.58
7
6.75
6.42
5.92
5.75
5.42
5.17
5
4.83
4.42
4.25
3.67
3.25
2.75
2.33
2
1.58
1.25
0.92
0.83
0.83
0.5
0
0
-0.58
-1
-1.33
-1.75
-2.25
-2.92
-3.42
-3.67
-3.92
-4.08
-3.67
-3.33
-3.42
-3.08
-3.33
-3.33
-3.5
-2.75
-2.92
-3
-2.92
-2.33
-1.75
-1.25
-0.75
-0.42
0.08
0.42
1
NaN
-2.83
-2.42
-1.92
-1.33
-0.92
-0.58
-0.08
0.42
0.75
0.75
1.33
1.17
1.08
1
0.83
0.92
0.92
1.17
1.5
1.75
1.75
1.5
1.08
0.58
0.42
0.33
0.5
0.5
0.5
0.5
0.42
0.5
0.42
-0.08
-0.67
-0.92
-1.33
-1.33
-0.92
-0.92
-0.75
-0.58
-0.92
-0.92
-1.33
-1.67
-1.92
-2.42
-2.75
-3.17
-3.5
-3.5
-3.83
-4.33
-4.75
-5.33
-5.67
-5.33
-4.58
-4.83
-4.67
-4.08
-3.83
-3.42
-3
-2.67
-2.67
-3
-3.5
-4
-4.5
-5
-5.5
-5.58
-5.58
-5.17
-4.58
-4
-3.5
-3.5
-2.83
NaN
1.08
1.5
1.92
2.17
1.75
1.33
1.58
1.08
0.83
0.5
0.5
0
-0.42
-0.92
-0.58
-0.17
0.25
0.67
0.772501500511419
0.875002082026049
0.977501622534029
1.08
NaN
-3.25
-3.08
-3.17
-3.58
-3.83
-3.67
-3.25
NaN
-3.17
-2.83
-2.83
-2.75
-3
-3
-3.42
-3.83
-3.58
-3.42
-3.33
-3.42
-3.17
NaN
-1.97171215397888
-1.93596686941992
-1.73058441962512
-1.6838264624442
-1.78353929485945
-1.89914675908637
-1.97171215397888
NaN
-1.67
-1.33
-1.67
-1.67003363289756
-1.67004484391371
-1.67003363289756
-1.67
NaN
-0.17
0
-0.25
-0.42
-0.17
NaN
-0.67
-0.67
-1.08
-1.17
-0.67
NaN
-1.33
-0.83
-0.83
-0.67
-0.33
-0.33
-0.67
-0.67
-1.33
-1.83
-2.33
-2.5
-3
-3.33
-3.33
-2.92
-2.58
-2.17
-2.08
-1.67
-1.42
-1.67
-2
-2.17
-2.33
-2.33
-2.58
-2.75
-2.92
-3.08
-3.33
-3.42
-3.67
-3.67
-3.92
-4.25
-4.5
-4.92
-5.5
-5.58
-5.92
-5.83
-6.17
-6.67
-6.75
-6.83
-7.25
-7.75
-8
-8.58
-9.08
-9
-9.42
-9.58
-9.58004736610185
-9.58006315482112
-9.58004736610185
-9.58
-9.6650170150247
-9.75002275796275
-9.83501712196827
-9.92
-9.96004928833762
-10.0000658127392
-10.0400494307755
-10.08
-10.17
-10.58
-10.67
-10.33
-10.25
-10.17
-10.08
-10.08
-10
-9.67
-9.33
-8.92
-8.5
-8
-7.92
-7.67
-7.5
-7.5
-7.92
-8.17
-8.33
-8.75
-9
-9.25
-9.08
-9.08
-9
-8.67
-8.33
-8
-8.08
-8.08
-8.33
-8.33
-7.75
-7.33
-7.25
-6.75
-6.75
-6.17
-5.58
-5.25
-5
-4.83
-4.58
-4.42
-4.33
-4.08
-3.83
-3.5
-4
-4
-3.58
-3.25
-2.92
-2.83
-2.67
-2.75
-2.5
-2.5
-2
-2.17
-2.25
-2.25
-2
-1.58
-1.5
-1.33
NaN
16.25
16.08
16.58
17.17
17.58
18
18.5
18.58
18.33
18.25
18.5
17.92
17.42
17.3350505669733
17.2500672843816
17.1650503597482
17.08
16.9550131450595
16.8300174731454
16.7050130647518
16.58
16.17
15.75
15.75
15.25
14.58
14.08
13.92
14.17
14.17
14
13.75
13.67
13.33
12.92
12.83
13
13.58
13.83
13.5
13.08
13.67
13.92
13.58
13.75
14.17
14.5
14.75
14.42
14.75
15.25
15.67
16.25
NaN
8.42
8.92
9.25
9.67
10
10.5
11.25
10.5
10.08
9.92
9.42
9.08
8.75
8.42
NaN
13.42
13.42
13.33
13
12.5
12.17
12.5
13
13.42
NaN
12.5
12.42
12.5
12.08
11.67
11.08
11.08
10.67
10.25
10.17
10.75
10.83
11.42
11.33
11.4350092375575
11.5400123583124
11.6450092999543
11.75
11.8125822133927
11.8751098329257
11.9375825360643
12
12.5
NaN
10.5
10.92
11.42
11.83
11.75
11.5
11.5
10.92
10.83
10.42
10.67
11.08
10.58
10.17
10.08
9.67
9.58
9.92
9.58
9.75
9.25
9
9.33
9.43501664882601
9.5400222862546
9.64501678063041
9.75
9.81254636686287
9.87506196364376
9.93754657865356
10
10.42
10.58
10.5
NaN
7.17
7.75
8
8.17
8.5
8.67
8.5
8.08
8.42
8.5
9
8.83
9.08
9.75
9.75
9.33
8.83
8.25
7.67
7.25
6.83
6.33
6.92
7.33
7
6.75
6.42
6.08
5.58
5.92
5.92
6.17
6.42
7
7.33
7.58
7.75
7.42
7.33
7.75
7.67
7.25
6.83
7.17
NaN
-5.5
-5.58
-5.58
-5.5
-5.5
-5.5
-4.92
-4.92
-4.17
-4.17
-4.67
-5
-5.58
-5.58
-6
-6.25
-6.25
-6.25
-6.17
-5.83
-5.75
-5.5
NaN
-2.21576668400953
-2.18724679446117
-2.1378862505337
-1.9867182048445
-1.96600247905389
-2.07707403790962
-2.21576668400953
NaN
-3.73634530808361
-4.16655953262886
-4.28377638714791
-4.60660515756206
-4.74546190406671
-4.78953628748618
-4.55772838101401
-4.25506601392839
-3.73634530808361
NaN
-3.45722171984702
-3.45087566150437
-3.04935695015838
-2.8361616428279
-2.76105478411147
-3.10603463486951
-3.35671289773501
-3.43183068784051
-3.45722171984702
NaN
-5.42
-5.5
-6.17
-6.58
-6.83
-6.5
-6
-5.42
NaN
-7.30804153601413
-7.34627172412957
-7.26191908064289
-6.79430735124937
-6.67685911501031
-6.82916558514358
-7.11623192478533
-7.30804153601413
NaN
-8.53102643736693
-8.51260740557505
-8.33215703657426
-8.2924635081738
-8.29963058243987
-8.02900797011925
-7.96993317813849
-7.99715261863547
-8.4167301992257
-8.53102643736693
NaN
-8.47312000521855
-7.8870868090001
-7.67923904171745
-7.5588923447561
-7.96475955962262
-8.26925313382878
-8.35813737917717
-8.47312000521855
NaN
-9.51514385708004
-9.16309677321365
-8.92188442739894
-8.57258054981554
-8.47112565544728
-8.45287667460012
-8.53599257033957
-9.51514385708004
NaN
-9.25
-9.33
-9.67
-9.92
-9.83
-9.83
-9.5
-9.25
NaN
-10.17
-10.33
-10.75
-10.67
-10.17
NaN
-15.6617954311137
-14.7995872882631
-14.7171371588901
-14.825510159286
-15.1995390237467
-15.1803320949799
-14.9902972231577
-15.4711729054563
-15.5345346103726
-15.5856162315677
-15.6617954311137
NaN
-15.92
-16.42
-16.5
-15.92
NaN
-20.25
-20.5
-20.75
-21.17
-21.5
-21.67
-22
-22.33
-22.33
-22
-21.75
-21.5
-21.25
-20.83
-20.25
NaN
-43.77
-43.8
-44.17
-43.9
-43.77
NaN
-18
-17.58
-17.33
-17.33
-17.58
-18
-18.17
-18.17
-18
NaN
-16.58
-16.42
-16.17
-16.5
-16.67
-16.67
-16.92
-16.58
NaN
-17.47
-17.53
-17.83
-17.73
-17.47
NaN
22.03
22.22
22.22
21.9
21.9
22.03
NaN
21.58
21.72
21.3
21.3
21.58
NaN
21.2134048517516
21.1607621184613
21.0424385030412
21.1017003345928
21.2134048517516
NaN
20.95
20.9
20.97
20.73
20.62
20.57
20.78
20.95
NaN
20.27
20.15
20.05
19.92
19.68
19.52
19.33
19.27
19.13
18.93
19.08
19.35
19.77
19.95
20.27
