-180
-178
-174
-170
-166
-163
-158
-152
-146
-147
-151
-153.5
-153
-154
-154
-154
-154.5
-153
-150
-146.5
-145.5
-148
-150
-152.5
-155
-157
-157.255422337107
-157.507183341852
-157.75535304677
-158
-157.665802438229
-157.332726125013
-157.000786850852
-156.67
-154.5
-154.5
-154.5
-156.67
-158
-158.33
-158.67
-157
-154
-153
-150.5
-148
-146
-146
-146.33
-146.67
-144
-142
-140.67
-140
-138.33
-136.67
-135.5
-133
-132
-130.83
-129.67
-128
-127
-126.83
-126.33
-125.5
-124.5
-124.5
-123.33
-123.67
-122.33
-121.33
-120
-120
-119.584192021421
-119.167231996011
-118.749155810557
-118.33
-117.91502005204
-117.5
-117.084979947959
-116.67
-116.585609443933
-116.500814364581
-116.415612107796
-116.33
-116.659817277184
-116.993066927812
-117.329783158363
-117.67
-117.67
-117.67
-117.67
-117.67
-117.343081218212
-117.010850320323
-116.673194849942
-116.33
-115.667717906718
-115.003517406365
-114.337557532468
-113.67
-112.33
-112.5
-112.543494166835
-112.586315059339
-112.628478545448
-112.67
-112.499992333616
-112.331671740615
-112.165015187667
-112
-111.5
-111
-110.33
-108.67
-108.5
-109.5
-109.5
-108.33
-108
-108.5
-107.5
-106
-104.5
-104.5
-104.5
-102.67
-101.33
-100
-99.5
-101.33
-100.67
-101.5
-101.5
-100
-99
-100
-101.33
-102.5
-101.33
-101.5
-99.67
-98.5
-98
-97.5
-97.5
-96.33
-96
-96
-97.5
-98.5
-99.67
-100.005859467039
-100.339477288113
-100.67085633472
-101
-100.705518400152
-100.412354835263
-100.120513927715
-99.83
-98.33
-98.33
-97
-95.67
-95.67
-94
-92.25
-90.5
-88.75
-87
-85.5
-84.33
-83
-81.25
-79.5
-78.5
-78.67
-78
-76.5
-75
-74
-74.5
-73
-71.5
-70
-68.5
-67.5
-67
-67
-67.5
-67.5
-68
-68
-68.5
-68.5
-67.33
-66.67
-67.33
-66.83
-66.83
-67.5
-67.5
-68.5
-69.25
-69.33
-68.67
-67.83
-67.67
-67
-66.33
-66.33
-65.5
-65.83
-65
-64
-64
-63
-62.67
-61.67
-61.5
-61
-59.67
-58.83
-58.83
-58
-57.17
-56.67
-57.33
-57.5386102377023
-57.7481455686199
-57.9586081319424
-58.17
-57.9400029854285
-57.7100000000004
-57.4799970145724
-57.25
-57.33
-58.17
-58.67
-59
-59.67
-60.5
-61.33
-62
-62.17
-62.33
-62.67
-63.5
-64
-63.67
-64.67
-65.33
-65.5
-65.3338510403035
-65.1668048745368
-64.9988562723319
-64.83
-64.953979428701
-65.0786360082278
-65.2039745756343
-65.33
-65.2067401949143
-65.0823309536829
-64.9567563042736
-64.83
-63.67
-62.67
-62.33
-62
-62
-61.5
-61.67
-61
-60.83
-61.67
-60.83
-61
-60.7115780127866
-60.4204543154898
-60.1266034487312
-59.83
-59.9137922876238
-59.9983820463683
-60.0837807286573
-60.17
-61.5
-61
-60.67
-61.67
-61.67
-63
-63
-63.67
-65.5
-67.33
-65
-62.5
-60
-57.67
-56
-53.67
-51.67
-49.33
-47.67
-44
-41
-41
-38.5
-36.33
-35
-33.33
-31.67
-30
-28.33
-27
-26
-24
-23.67
-22.33
-20.67
-19.33
-17.67
-16.33
-14.67
-13.5
-12.33
-11.33
-11.17
-12
-12.17
-11.5
-11
-10.5
-9.75
-9
-8.67
-8.5
-8.5
-8.20564497011808
-7.91252284564118
-7.62063937098969
-7.33
-7.41583618209822
-7.50111135584679
-7.58583086738204
-7.67
-7.58388064667478
-7.49851407634196
-7.4138904265624
-7.33
-7.41580827518496
-7.50107438383996
-7.58580331465019
-7.67
-7.45937070849571
-7.24915845804159
-7.03936699293089
-6.83
-5.83
-5.83
-6
-4.5
-3
-3
-3.33
-2.5
-1.67
-1
-1.5
-0.67
0
1.33
2.67
3.5
4.67
6.33
7.33
8.67
10
11.33
12.67
14.33
15.67
15.67
17
18.33
20
21.5
23
24.67
25.33
27
28.33
30
31.33
32
33.5
33.33
33.5
34.33
35
36
37
38.33
38.67
39.33
39.83
39.83
40
41.33
42
43.33
44.5
46
46
47
48.17
48.5
49.33
49.83
50.5
50.17
50.5
51.5
52.17
53.67
55.17
56
57.17
57.17
56.33
57
58
59
59.33
60.67
61.67
62.67
63.67
65
66.33
67.67
68.67
69.5
69.5
69.5
70
70.5
69.5
69.83
69.83
70.67
71.67
71
72.33
73.5
74.5
75.5
76.17
77.17
78
78.33
79
80.5
81.67
82.5
83.67
85
86.33
87.67
88.5
89.67
91
92
93
94
94
95
96
97
97.67
98.5
99.33
100
100.67
101.5
102.67
104
105
106
107
108
109
109.5
110.33
110.67
110.67
111.67
112.67
113.67
114.5
115.5
116.5
117.67
119
120.33
121.5
121.5
122.5
123.33
124.33
124.83
125.83
126.5
127
127.67
128.33
129
129.5
130
130
130.83
132
133.33
134.33
135.33
136.33
137.33
138.33
139.33
140.5
142
142.5
143.33
144.33
144.33
145
146
146
146.83
147
148.33
149
150.33
151
151.5
152.67
154.33
155
156
156.5
157.5
158.67
160
161
161
161.17
161.67
162.17
162.33
163.33
163.17
164.67
166
167.33
168.67
170
170.17
171
171
170.17
170.5
169.67
168.5
167
167
166.67
165.33
165.33
164.33
163
162.67
162.67
163
163.33
163.67
163.67
164.67
164.993808606302
165.323322295135
165.658674020009
166
165.502596593669
165.003419554567
164.50253237335
164
161.5
160
160
160
160.33
160.33
161
162.33
164
166
166
168.5
171.5
176
180
NaN
166.33
166.67
168.17
169.67
168.17
166.33
NaN
-164
-161.67
-160.67
-160
-160
-161.67
-163.67
-163.67
-163
-164
NaN
-150.17
-148.17
-147.923344089767
-147.674473191872
-147.423365714669
-147.17
-147.496504185226
-147.826970351106
-148.161451276784
-148.5
-150.17
NaN
-76.17
-74.67
-73
-71.83
-71
-70.67
-71
-71.5
-71.67
-71.17
-70.33
-69.67
-69.33
-68.83
-68.5
-68.33
-68.5
-68.83
-70
-71.5
-73
-73.33
-74.33
-75
-76
-76.5
-76.17
NaN
-76.17
-75.67
-75.75
-74.5
-73.67
-73.75
-74
-75
-76.17
NaN
-63.6633303741216
-64.0273318151905
-64.1488446695359
-64.0043646946572
-63.6482008624201
-63.2838262445918
-63.0403533092285
-63.4542032133668
-63.6633303741216
NaN
-62.5913662569744
-62.4589453073987
-62.478112668493
-62.2524988298515
-62.1151478940334
-62.5913662569744
NaN
-56.5
-55.83
-55.6247526915323
-55.4180125484956
-55.2097661496206
-55
-55.2494724106988
-55.4993010866733
-55.7494792360173
-56
-56.5
NaN
-58.7408216907335
-58.752164115065
-58.5804285832797
-57.9444859664825
-57.8247837451924
-57.8207931715965
-58.047645458526
-58.7408216907335
NaN
-60.2334317286292
-60.3025360899468
-60.7806802031877
-60.7730998755804
-60.3265698625862
-60.0342840543814
-59.9605193987969
-59.9509493286603
-60.2334317286292
NaN
-46.33
-46
-45.7521383180011
-45.5028553208436
-45.2521446372527
-45
-45.3330339620452
-45.665722882662
-45.9980503316596
-46.33
NaN
-80.08
-80
-79.33
-78.83
-79
-78.58
-78.67
-78.33
-77.75
-77.5
-77.17
-77.5
-77.33
-77.42
-77.42
-77.5
-77.42
-77.75
-78.17
-78.42
-78.17
-78.5
-78.75
-79.17
-79.5
-79.75
-80.08
-80.08
-80.5
-80.42
-80.3149387336758
-80.2099186092594
-80.1049391801817
-80
-80.1250530931188
-80.2500705956681
-80.3750528002957
-80.5
-80.92
-81
-81.5
-81.75
-82.25
-82.75
-83
-83.25
-83.75
-83.67
-84
-84.58
-84.83
-85.17
-85.33
-85.67
-85.83
-85.75
-85.75
-86.17
-86.58
-87
-87.33
-87.4148942345818
-87.4998585524282
-87.5848935937196
-87.67
-87.5850000094671
-87.5000000000004
-87.4149999905337
-87.33
-87.4148906288233
-87.4998537414893
-87.5848899830567
-87.67
-87.67
-87.83
-88.42
-88.83
-89.33
-89.75
-90
-90.5
-91
-91.5
-92
-92.33
-92.75
-93.17
-93.42
-93.83
-94.25
-94.67
-95.17
-95.67
-96.25
-96.83
-97.42
-98
-98.5
-99
-99.5
-100
-100.5
-101
-101.58
-101.58
-102
-102.25
-102.83
-103.5
-103.83
-104.33
-104.92
-105.33
-105.67
-105.33
-105.5
-105.17
-105.17
-105.5
-105.67
-106
-106.42
-106.75
-107.17
-107.58
-108
-108.33
-109
-109.42
-109.42
-109.25
-109.5
-109.75
-110
-110.58
-110.58
-110.58
-111.17
-111.67
-112.17
-112.42
-112.75
-112.83
-113.08
-113.08
-113.5
-113.83
-114.17
-114.75
-114.83
-114.75
-114.58
-114.67
-114.42
-114
-113.67
-113.25
-112.92
-112.75
-112.33
-112
-111.5
-111.33
-111
-111
-110.67
-110.67
-110.83
-110.58
-110.17
-109.75
-109.42
-110
-110.33
-110.83
-111.25
-111.67
-112.33
-112.08
-112.08
-112.33
-112.83
-113.17
-113.58
-114
-114.33
-114.5
-115
-114.42
-114
-114
-114.33
-114.67
-115.17
-115.67
-115.75
-116
-116
-116
-116.33
-116.33
-116.58
-116.75
-117.08
-117.25
-117.5
-118
-118.33
-118.42
-118.75
-119.25
-119.83
-120.58
-120.58
-121.08
-121.42
-121.92
-121.83
-121.83
-122.17
-122.42
-122.5
-122.08
-122.33
-122.17
-122.5
-122.5
-123
-123
-122.92
-123.33
-123.67
-123.75
-123.75
-124
-124.33
-124.33
-124.08
-124
-124.17
-124.42
-124.5
-124.25
-124.08
-124
-124
-123.83
-123.92
-123.92
-123.17
-123.92
-124
-124.08
-124.33
-124.58
-124.75
-124.67
-123.83
-123.17
-123.17
-122.58
-123
-122.58
-122.5
-122.25
-122.331993750491
-122.414323374038
-122.496991305508
-122.58
-122.540094608219
-122.500126255258
-122.460094774781
-122.42
-122.501983334192
-122.584309430342
-122.666980805992
-122.75
-123.17
-123.17
-123.75
-124.33
-124.92
-125.5
-126.25
-127
-127.75
-127.75
-128.17
-128.42
-129.17
-129.75
-130.33
-130.75
-130.17
-130.42
-130.08
-130.75
-131.33
-131.75
-131.75
-132.08
-132
-132.5
-133
-132.58
-132.08
-132.08
-132.5
-133.08
-133.42
-133.67
-133.67
-134.17
-134.33
-133.83
-133
-133.42
-133.75
-134
-134.5
-134.5
-134.75
-134.67
-135
-135.17
-135.67
-135
-135
-134.75
-134.75
-134.75
-135.17
-135.5
-136.17
-136.5
-137.25
-137.92
-138.67
-139.5
-139.67
-140.25
-141.08
-142
-143
-144
-145
-146
-146.67
-147.5
-148.33
-148.17
-148.67
-149.5
-150.17
-150.92
-151.92
-151.42
-151.92
-151.42
-151.33
-150.42
-150.42
-150.295975194561
-150.171303389393
-150.045979897661
-149.92
-150.107498456546
-150.295000000001
-150.482501543455
-150.67
-151.67
-152.25
-152.5
-153.08
-153.83
-154.08
-153.33
-153.83
-154.33
-155.25
-156.17
-156.67
-157.67
-158.42
-158.75
-159.58
-160.5
-161.42
-162
-162.83
-163.67
-164.75
-164.92
-163.92
-162.92
-162.33
-161.42
-160.5
-160.5
-159.92
-159
-158.33
-157.67
-157.5
-157.42
-158
-158.67
-158.92
-159.58
-161
-161.58
-161.92
-161.67
-162.17
-163
-163.83
-164.33
-164.92
-165.25
-166
-165.5
-164.83
-164.67
-163.92
-163
-162.25
-161
-160.75
-161.25
-161.25
-161
-161.92
-162.67
-163.67
-164.92
-166.33
-166.67
-166.33
-167.25
-167.394333937499
-167.539111483918
-167.684333292374
-167.83
-167.583047612547
-167.334075929404
-167.083066293475
-166.83
-165.75
-164.67
-163.83
-163.75
-162.17
-161.75
-162.5
-163.5
-164
-165.25
-166.17
-166
-164.83
-163.5
-163
-162.67
-161.58
-160.42
-159
-159
-157.58
-156.33
-154.83
-154.33
-152.5
-151.5
-150.33
-149
-147.5
-146.17
-145.08
-144
-142.83
-141.83
-141
-139.5
-138.33
-137.33
-136
-135.92
-135.17
-134.17
-133.33
-132.58
-131.17
-129.83
-129.42
-128.5
-128
-126.67
-126.67
-126.17
-125.33
-124.42
-124.33
-123.5
-123
-121.33
-120.25
-118.83
-117.5
-116
-114.67
-114.08
-115.08
-115.33
-114.17
-113
-111.58
-110.25
-109.25
-108.17
-107.83
-109
-108.25
-106.92
-105.67
-104.58
-103
-101.75
-100
-100
-98.75
-98.67
-98
-99.58
-98.58
-97.92
-96.42
-95.58
-96.92
-96.83
-95.83
-95.5
-95.17
-94.25
-94.67
-94
-95.67
-96.75
-96.25
-95.83
-95
-95
-95
-95.25
-95.58
-95.17
-93.17
-91.17
-90.17
-90.67
-90.67
-91.33
-91.92
-93.08
-94
-93.5
-94.17
-93.5
-92.67
-91.92
-91.33
-92.42
-91.33
-90.67
-89.92
-88.92
-88
-88
-88.17
-87.25
-86.5
-86.5
-85.42
-85.42
-85.5
-85.5
-84.25
-82.92
-82.75
-81.33
-81.33
-81.33
-82.42
-82.42
-81.17
-81.42
-82.67
-83.75
-85.08
-85.5
-86.75
-86
-87
-87
-87.75
-88.5
-90
-90.67
-90.58
-91.58
-92.5
-92.5
-93.17
-93.67
-94.17
-94.42
-94.67
-94.75
-94.75
-94.42
-93.75
-93.08
-93.08
-92.67
-92.67
-92.33
-92.33
-91.75
-91
-90
-89
-88.08
-87.9338056093021
-87.7884116304059
-87.6438118252163
-87.5
-87.3319494414551
-87.1642655368941
-86.996948869602
-86.83
-86
-85
-84
-83
-82.17
-82.42
-82.17
-82.17
-82.33
-81.67
-81.25
-80.75
-80.42
-79.75
-79.83
-79
-78.42
-78.83
-78.83
-78.83
-78.92
-79.17
-79.5
-78.75
-78
-77.25
-76.75
-76.75
-77
-77.17
-77.5
-78.08
-78.67
-78.58
-77.92
-77.42
-77.42
-77.58
-78.08
-77.75
-77.6881124384374
-77.6258194511825
-77.5631167529266
-77.5
-77.6441197826654
-77.7888247246953
-77.9341173053397
-78.08
-78.08
-77.42
-76.42
-75.5
-74.83
-73.67
-72.92
-72.25
-72.25
-71.5
-71.75
-71
-70.25
-69.5
-69.67
-69.42
-69.5
-69.5
-69
-68.42
-67.75
-66.75
-66.42
-65.67
-65.25
-65.58
-65.17
-64.67
-64.33
-63.83
-63.25
-62.83
-62.33
-61.83
-61.83
-61.33
-61.75
-61.75
-61.33
-61.33
-60.5
-60.33
-59.25
-58.92
-58
-57.874423219653
-57.7492318102636
-57.6244244963679
-57.5
-57.7087501516841
-57.916665356893
-58.1237478718261
-58.33
-58.079595617536
-57.829456994954
-57.5795898865283
-57.33
-57.25
-56.5
-55.83
-56
-55.67
-56.17
-56.83
-57.83
-58.67
-59.08
-59.5
-60
-60.92
-61.67
-62.17
-62.83
-63.42
-64
-64.75
-65.42
-66
-66.75
-66.75
-67.17
-67.33
-68
-68.67
-69.25
-69.67
-70
-70.42
-70.75
-71.17
-70.5
-70.08
-69.67
-69.25
-68.67
-68
-67.42
-66.75
-66
-65.25
-64.58
-64.25
-64.25
-64.83
-65.33
-66.33
-65.67
-64.83
-65
-64.92
-64.92
-64.58
-64
-63.25
-62.58
-62
-61.5
-61.5
-61
-60.67
-60.42
-60.5
-60.3317456714901
-60.1639952032256
-59.996747136637
-59.83
-59.9781567837507
-60.1258746786771
-60.2731552330809
-60.42
-61
-61.17
-62
-63
-63.67
-64.17
-64.5
-65
-65.5
-66
-66.17
-65.92
-65.33
-64.92
-64.25
-64.92
-64.83
-64.83
-65.58
-66.25
-67
-67
-67.5
-68
-68.58
-68.83
-69.17
-69.75
-70.25
-70.25
-70.58
-70.83
-70.75
-71
-70.67
-70.5
-70
-70.04
-69.93
-70.67
-70.67
-71.08
-71.33
-71.5
-72
-72.5
-73
-73.5
-73.5
-74
-74.33
-74
-74.17
-74.5
-75
-75.25
-75.58
-75.42
-75.314359267803
-75.2091481363962
-75.1043629286282
-75
-75.0626616852532
-75.1252153336054
-75.1876613154244
-75.25
-75.58
-75.75
-76
-75.83
-75.67
-76
-75.92
-76.33
-76.17
-76.17
-76
-76.42
-76.58
-76.5
-76.42
-76.92
-76.33
-76.42
-76.42
-76.42
-76
-75.83
-75.66
-75.53
-75.91
-76
-76.33
-76.75
-76.25
-75.83
-75.83
-76
-76.33
-76.83
-76.33
-76.58
-77.17
-77.58
-78
-78.42
-78.92
-79.17
-79.5
-80
-80.5
-81
-81.25
-81.5
-81.42
-81.33
-81.33
-81.08
-80.92
-80.58
-80.58
-80.33
-80.08
-80.08
-80.17
-80.42
-80.67
-81.08
-81.25
-81.67
-81.92
-82.17
-82.5
-82.519954234216
-82.5399388743637
-82.5599540771468
-82.58
-82.5401369312649
-82.5001830318643
-82.4601376176982
-82.42
-82.5025513928908
-82.5850685425664
-82.6675514208719
-82.75
-82.75
-82.67
-82.83
-83.08
-83.5
-83.92
-84.42
-84.83
-85.33
-85.5
-86
-86
-86.33
-86.83
-87.33
-87.83
-88
-88.25
-88.75
-89.17
-89.67
-90.17
-90.42
-90.08
-89.67
-89.25
-89.33
-89.58
-89.58
-89.08
-89.25
-89.5
-89.83
-90.17
-90.75
-91.25
-91.33
-91.83
-92.25
-92.75
-93.25
-93.83
-93.83
-94.25
-94.75
-94.75
-94.8325987940275
-94.9151316754455
-94.9975987190326
-95.08
-95.0173055158737
-94.9547412123031
-94.8923063015243
-94.83
-94.9151551336428
-95.0002066434796
-95.0851548316019
-95.17
-95.5
-96
-96.5
-97
-97.33
-97.42
-97.25
-97.25
-97.17
-97.42
-97.58
-97.75
-97.75
-97.75
-97.75
-97.92
-97.75
-97.25
-97.42
-97.25
-97
-96.67
-96.42
-96.17
-96.17
-95.83
-95.33
-94.83
-94.5
-94.17
-93.58
-93
-92.42
-91.83
-91.83
-91.25
-91.33
-91
-90.67
-90.67
-90.5
-90.42
-90.33
-90
-89.5
-89
-88.5
-88
-87.58
-87.08
-86.83
-86.83
-87.25
-87.42
-87.4400471300025
-87.460062664131
-87.4800468665453
-87.5
-87.5
-87.5
-87.5
-87.5
-87.5200458424419
-87.5400609500227
-87.5600455829308
-87.58
-87.67
-87.92
-88.17
-88.25
-88.25
-88.5
-89
-88.58
-88.17
-87.58
-87
-86.5
-86
-85.5
-85
-84.67
-84.25
-83.83
-83.42
-83.25
-83.25
-83.5
-83.5
-83.5
-83.67
-83.67
-83.83
-83.67
-83.42
-83.42
-83.17
-82.75
-82.33
-82.17
-81.75
-81.42
-80.83
-80.33
-79.83
-79.58
-79.08
-78.67
-78.25
-77.83
-77.5
-77.17
-76.75
-76.75
-76.25
-76
-75.58
-75.58
-75.5
-75.25
-74.83
-74.42
-74.17
-73.5
-73
-72.67
-72.67
-72.25
-72
-71.67
-71.33
-71.17
-71.42
-71.92
-71.67
-71.5
-71.75
-72
-71.75
-71.67
-71.08
-71.08
-71.42
-71.42
-71
-70.58
-70.17
-70.33
-69.92
-69.75
-69.33
-68.83
-68.42
-68.33
-68.17
-67.58
-67
-67
-66.58
-66.17
-66
-65.58
-65
-64.5
-64
-63.42
-62.75
-62.6050000318369
-62.4600000000003
-62.3149999681637
-62.17
-62.3775863242996
-62.585115053832
-62.7925862557096
-63
-62.67
-62.33
-62
-61.58
-61
-60.83
-61
-60.25
-59.67
-59.17
-58.67
-58.5
-58.58
-58.17
-57.67
-57.33
-57.08
-56.5
-56
-56
-55.5
-55
-54.5
-54
-53.67
-53.25
-52.75
-52.33
-51.83
-51.5
-51
-51
-50.67
-50.5
-49.92
-50
-50.42
-50.75
-51.17
-51.33
-51.42
-50.83
-50.58
-50.42
-50.42
-50
-49.5
-49
-48.42
-48.58
-48.58
-48.75
-48.5
-48.17
-47.83
-47.25
-46.67
-46.17
-45.5
-45.33
-44.83
-44.67
-44.42
-44.58
-44
-43.5
-43
-42.5
-42
-41.5
-41
-40.5
-40
-39.5
-39
-38.5
-38.17
-37.83
-37.33
-37
-36.5
-36.5
-36
-35.42
-35.17
-35
-34.83
-34.75
-34.83
-35.08
-35.33
-35.58
-36
-36.25
-36.75
-37
-37.33
-37.58
-38
-38.42
-38.92
-39
-39.08
-39
-39
-38.92
-39.08
-39.17
-39.17
-39.5
-39.58
-39.58
-39.58
-39.67
-40.17
-40.33
-40.83
-41
-41
-41.5
-42
-42
-42.5
-43
-43.5
-44
-44.67
-44.5
-45
-45.42
-45.75
-46.33
-46.83
-47.25
-47.75
-48.17
-48.58
-48.58
-48.58
-48.5
-48.58
-48.75
-49
-49
-49.42
-49.83
-50.17
-50.33
-50.67
-51
-51.5
-52
-52.42
-52.58
-53
-53.5
-53.58
-54
-54.5
-55
-55.67
-56.25
-56.83
-57.17
-57.83
-58.33
-58.5
-58.33
-57.5
-57.17
-57.42
-57.17
-56.75
-56.67
-56.67
-57
-57.42
-57.58
-58.17
-58.67
-59.33
-60
-60.5
-61.25
-62
-62.25
-62.33
-62
-62.17
-62.42
-62.25
-62.33
-63
-63.83
-64.33
-64.83
-64.9147595081485
-64.9996790132277
-65.084759011538
-65.17
-65.1277432858537
-65.0853252574962
-65.0427446035575
-65
-65
-64.5
-63.75
-63.58
-63.67
-64.17
-64.5
-64.5
-65
-64.33
-65
-65.25
-65.17
-65.17
-65.58
-65.58
-66.17
-66.83
-67.17
-67.5
-67.42
-67
-66.5
-65.75
-65.67
-65.83
-66.33
-67
-67.5
-67.67
-67.83
-68.5
-69
-69.17
-69
-68.83
-68.33
-69
-69
-69.5
-69.58
-70
-70.75
-70.92
-70.92
-71.25
-72
-72.25
-71.33
-71.08
-71.5
-72
-72.5
-73.17
-73.5
-73.5
-74
-74.17
-74.5
-75
-75
-74.33
-74.17
-74.33
-74.5
-74.7066474406907
-74.9138635808113
-75.1216479425486
-75.33
-75.246944442522
-75.1642611280328
-75.0819472433073
-75
-74.83
-74.5
-74.5
-74.67
-74.5
-75.33
-75.33
-75.247177316949
-75.164570312725
-75.0821781515034
-75
-75.1251744780687
-75.2502329677141
-75.3751749724113
-75.5
-75.42
-75.58
-75.42
-75.42
-75.33
-74.92
-74.5
-74.5
-74.42
-74
-74.5
-75
-75.5
-75.5
-74.75
-75
-74.5
-74.67
-74.5
-74.33
-74.5
-74.25
-73.83
-73.5
-73.5
-73.67
-73.58
-73.83
-73.67
-73.58
-73.33
-73.42
-73
-73.17
-72.83
-73
-72.75
-72.75
-72.6873810265864
-72.6248414650984
-72.562381171068
-72.5
-72.5626256885556
-72.6251674712363
-72.6876255183144
-72.75
-72.6872579029007
-72.6246777486531
-72.56225871897
-72.5
-72.625246803806
-72.7503291135976
-72.8752468655119
-73
-73.17
-73.58
-73.75
-73.83
-73.67
-73.67
-73.25
-73.33
-73.42
-73.42
-73.67
-73.5
-73.08
-73.08
-73.08
-72.83
-72.67
-72.5
-72.17
-71.92
-71.83
-71.58
-71.67
-71.33
-71.5
-71.5
-71.58
-71.67
-71.58
-71.25
-71.33
-71.5
-71.25
-71.17
-70.92
-70.92
-70.58
-70.75
-70.5
-70.5
-70.58
-70.5
-70.5
-70.5
-70.5
-70.25
-70.17
-70.08
-70.17
-70.17
-70.08
-70.25
-70.33
-70.33
-70.83
-71.17
-71.5
-72
-72.5
-72.83
-73.5
-74
-74.5
-75.17
-75.5
-75.83
-76.25
-76.17
-76.5
-76.67
-77
-77.17
-77.5
-77.67
-78.17
-78.17
-78.33
-78.5
-78.67
-79
-79.5
-79.67
-80
-80.33
-80.83
-81.17
-80.83
-81.17
-81.33
-81.33
-80.83
-80.33
-80
-79.83
-79.67
-80.08
-80.17
-80.58
-80.92
-80.75
-80.75
-80.92
-80.5
-80.5
-80.08
NaN
-125.08
-123.58
-122
-121
-122
-122.75
-123.25
-121.75
-121.58
-120.67
-120.5
-121
-119.33
-120
-118.42
-118.08
-117.67
-119.08
-119.434033315195
-119.788725080211
-120.144054368942
-120.5
-120.313912132169
-120.126885632702
-119.938916309916
-119.75
-118.92
-120
-121.33
-122.67
-123.83
-125.08
NaN
-117
-116
-115.25
-114.42
-113.92
-113.75
-112.92
-112.17
-111.75
-110.92
-110.648117768157
-110.375817924255
-110.103109095266
-109.83
-109.91446570352
-109.999286169917
-110.08446354781
-110.17
-109.877506016488
-109.585000000001
-109.292493983513
-109
-110
-110.75
-111.58
-111.92
-112.42
-113.08
-113.83
-114.17
-115.33
-115.08
-114.933783300335
-114.788381715384
-114.643789263544
-114.5
-114.687864740793
-114.87548805629
-115.062867337339
-115.25
-115.33
-115.83
-117
NaN
-111.25
-110.33
-110
-109.25
-108.25
-108.043274454248
-107.836031373306
-107.62827259193
-107.42
-107.564455878864
-107.709274404741
-107.854455731907
-108
-108.58
-109.17
-109.67
-110.17
-110.67
-111.25
NaN
-103.08
-102.17
-102.17
-102.17
-101.58
-102.08
-102.5
-102.583062559044
-102.665748312672
-102.748059915405
-102.83
-102.746793760951
-102.664061234883
-102.581798079174
-102.5
-102.562914115913
-102.625550834669
-102.687912140456
-102.75
-103.08
NaN
-99.25
-98.92
-98.67
-98.17
-98.17
-97.42
-97.33
-96.83
-96.92
-97
-97
-96.42
-96.17
-96.58
-97
-97.25
-97.58
-97.83
-98.42
-99
-99.25
NaN
-92.08
-91.58
-90.92
-90.5
-89.75
-89
-88.25
-87.75
-88.42
-88.42
-87.75
-87.33
-86.67
-85.83
-85
-85
-84.8750003130499
-84.7500000000005
-84.6249996869511
-84.5
-84.5621361165904
-84.624513651179
-84.6871343563797
-84.75
-84.67
-85
-85
-85.75
-86.17
-86.5
-87.33
-88.08
-88.42
-89.08
-89.42
-89.83
-89.83
-90.5
-91
-91.58
-92.08
NaN
-88
-87.8133266122204
-87.6261029988252
-87.4383278802626
-87.25
-87.312840944691
-87.3754535371956
-87.4378393643276
-87.5
-87.5200845708254
-87.5401125486898
-87.5600842527632
-87.58
-87.75
-87.92
-87.83
-87.83
-87.7470139069391
-87.6643535676617
-87.5820164390243
-87.5
-87.3950001558688
-87.2900000000001
-87.1849998441314
-87.08
-86.67
-86.42
-86.25
-86.33
-86.5
-86.5
-86.25
-86.08
-85.33
-85
-84.8750003044375
-84.7500000000002
-84.6249996955629
-84.5
-84.3947614639943
-84.2896820294391
-84.1847615807952
-84.08
-83.58
-83.33
-83.33
-83.83
-83.83
-83.42
-82.92
-82.67
-82.67
-82.42
-81.75
-81.75
-81.5
-81.33
-81.5
-80.92
-80.08
-79.9978516461096
-79.915469644271
-79.8328528217291
-79.75
-79.8740334076097
-79.9987071713761
-80.1240273340882
-80.25
-80.75
-81.67
-82.33
-83
-83.67
-84.17
-84
-84.83
-85.25
-85.75
-86.75
-87
-87.33
-87.67
-88
NaN
-83.08
-82.33
-81.75
-81.92
-82.42
-83.08
NaN
-83.5
-82.83
-82.25
-81.67
-81.08
-80.5
-79.83
-79.25
-78.83
-79.5
-80.17
-80.5
-80.92
-81.5
-81.83
-82.5
-83.08
-83.5
NaN
-79.75
-79.25
-78.58
-78
-77.42
-76.83
-76.17
-76.25
-76.08
-76.67
-77
-77.67
-78.17
-78.83
-79.42
-79.75
NaN
-91.42
-91.08
-90.83
-91.17
-91.5
-91.17
-91.5
-91.42
NaN
-74
-73.42
-73.33
-73.67
-73.5
-73.75
-74.33
-74.17
-74.17
-74
NaN
-68.75
-68.25
-68.17
-68
-67.42
-66.75
-66.33
-65.83
-65.17
-65.25
-65.67
-66.5
-67.33
-68.17
-68
-68.67
-69.33
-69.83
-70
-70.5
-71.17
-72
-72
-72
-72.5
-72.67
-73.33
-73.33
-73.83
-73.5
-74
-74.5
-74.67
-74
-73.33
-72.5
-72.08
-71.33
-71
-70.5
-70.33
-70.2476198767059
-70.1651597765114
-70.0826197877533
-70
-70.0201808059418
-70.0402402255263
-70.0601795367065
-70.08
-69.8916668189764
-69.7038892929089
-69.51666712907
-69.33
-69.42
-70.17
-70.42
-70.25
-69.75
-69.5
-69.17
-68.75
NaN
-61.17
-60.5
-60.17
-60.5
-59.67
-59
-58.33
-57.75
-57.75
-58.5
-58.83
-59.5
-59.67
-60
-60.5
-61.17
NaN
-38
-37
-36.25
-35.83
-36
-36.58
-37.25
-38
NaN
-61.83
-61.5
-61.5
-61.67
-61
-61
-61.25
-61.83
NaN
-78.33
-78.25
-77.83
-77.33
-76.83
-76.42
-76.25
-76.58
-76.92
-77.25
-77.67
-78
-78.33
NaN
-83.07
-82.87
-82.65
-82.6124433361097
-82.5749245633057
-82.5374435087201
-82.5
-82.5825424959051
-82.6650566611557
-82.7475424957677
-82.83
-83.05
-82.95
-83.07
NaN
-84.83
-84.33
-84.33
-84
-83.5
-83
-82.5
-82
-81.5
-81
-80.5
-80.08
-79.67
-79.33
-78.83
-78.33
-77.83
-77.42
-77
-76.5
-76
-75.58
-75.67
-75.33
-74.83
-74.5
-74.25
-74.17
-74.17
-74.67
-75
-75.5
-76
-76.5
-77
-77.16749983526
-77.3350000000001
-77.5025001647401
-77.67
-77.6075741663965
-77.5450990153092
-77.4825743566357
-77.42
-77.08
-77.25
-78
-78.5
-78.58
-78.75
-79.25
-79.75
-80.17
-80.5
-81.25
-81.75
-82.08
-81.58
-82.25
-82.75
-83.08
-83.42
-84
-84.0425765580477
-84.0851018958192
-84.1275762859245
-84.17
-84.3349998107833
-84.5000000000005
-84.6650001892177
-84.83
NaN
-74.5
-74.17
-73.67
-73.25
-72.75
-72.645114540159
-72.5401528954061
-72.4351148028543
-72.33
-72.4348040309855
-72.5397381236334
-72.6448031539635
-72.75
-72.75
-73
-73
-73.5
-73.17
-72.58
-72
-71.67
-71
-70.5
-69.92
-69.75
-69.17
-69.58
-68.75
-68.33
-68.67
-69
-69.5
-70.08
-70.58
-70.58
-71.08
-71.08
-71.42
-71.83
-72.33
-72.75
-73.17
-73.67
-73.83
-74.5
NaN
-67.17
-67.17
-66.58
-66
-65.67
-65.92
-66.33
-66.75
-67.17
NaN
-61.7519395710623
-61.5520583856025
-61.5439566710806
-61.4947246161506
-61.4275619278705
-61.3917853345298
-61.1898210922401
-61.4639967931012
-61.5943465512396
-61.5661265947591
-61.6919277799882
-61.7601946929947
-61.790493552906
-61.7519395710623
NaN
-60.951078849822
-61.1413264083548
-61.1213363624138
-60.9787423293317
-60.8309965128035
-60.7498614884859
-60.951078849822
NaN
-78.25
-78
-77.75
-77.75
-77.6873786680155
-77.6248384847328
-77.5623790587759
-77.5
-77.5425812417333
-77.5851081409574
-77.6275809699532
-77.67
-77.92
-78.42
-78.17
-78.25
NaN
-73.67
-73.5
-73.17
-73
-73.17
-73.67
NaN
-78.7880424535408
-78.6800213103482
-78.5757534204153
-78.5222198674216
-77.9000185082285
-77.8692903143642
-78.237938698261
-78.7256702378887
-78.7880424535408
NaN
-77.8707055365136
-77.7723089030764
-77.5532153852355
-77.0443960488348
-76.9677555111525
-77.1278679435662
-77.183795447204
-77.2401031486272
-77.3858997903128
-77.2254268680678
-77.2625847993564
-77.2208830225664
-77.2372364598824
-77.145253752254
-77.3198527587381
-77.5773297912924
-77.8707055365136
NaN
-76.7079244688259
-76.647621911446
-76.6140248916536
-76.2797766472629
-76.1185422712376
-76.0972806133105
-76.1645194220738
-76.1316858515019
-76.2097660214783
-76.2899720455301
-76.1943350699228
-76.2046522982015
-76.1354882632531
-76.1838375466383
-76.2966435100082
-76.7492810249881
-76.7079244688259
NaN
-75.7233610813439
-75.6203435333992
-75.2979296790122
-75.3665197301533
-75.5053198268863
-75.4386094820872
-75.5914101045463
-75.6879880623594
-75.7233610813439
NaN
-75.2971406109266
-75.0780927394295
-75.0256389485464
-74.9373513544841
-74.8087974668878
-74.847202553531
-74.9638845258824
-75.2076689207778
-75.1493506063077
-75.331412486647
-75.2971406109266
NaN
-73.8579865322794
-73.8081827149825
-73.9569389271629
-74.1653825195328
-74.1498568455114
-74.0363824425152
-74.0162887022204
-73.8946867435247
-74.2731769248798
-74.3477000269466
-74.0269997071741
-73.8579865322794
NaN
-74
-73.92
-73.33
-72.83
-72.33
-72
-72.67
-73.33
-74
NaN
-64.42
-63.75
-63.08
-62.5
-62
-61.67
-62.25
-62.92
-63.5
-63.75
-64.42
NaN
-64.25
-64
-63.92
-63.33
-62.75
-62
-62.5
-62.5
-63.33
-63.92
-64.25
NaN
-83.67
-83.33
-82.58
-81.92
-81.92
-82.83
-83.67
NaN
-80.08
-79.25
-79.33
-79.75
-80.17
-80.08
NaN
-80
-79.17
-78.92
-79.17
-79.17
-79.5
-79.644999362922
-79.7899999999998
-79.9350006370777
-80.08
-79.9163159839294
-79.7517587737869
-79.586322183767
-79.42
-80
NaN
-82
-81.42
-81
-80.75
-81.42
-82
NaN
-59.33
-58.92
-58.42
-58.75
-58.42
-57.92
-57.67
-57.25
-57
-56.67
-56
-55.5
-55.75
-56.17
-56.5
-56.83
-56.08
-55.5
-55.92
-55.33
-54.67
-54
-54
-53.5
-54
-53.75
-53
-53.75
-53.92
-53.67
-53.33
-53
-53.25
-52.75
-52.92
-53.08
-53.67
-53.67
-54.17
-53.92
-54.42
-54.83
-55.33
-55.92
-55.42
-55.42
-56.08
-56.83
-57.58
-58.42
-59.17
-59.33
NaN
-87.17
-86.17
-86.42
-86.25
-86
-85
-84.67
-83.67
-82.5
-81.75
-81.25
-80.25
-81.17
-82
-82.83
-83.58
-84.17
-84.83
-85.75
-85.83
-87.17
NaN
-77.25
-76.5
-75.33
-74.83
-75
-75.67
-76.83
-77.25
NaN
-90
-90
-89.58
-89.08
-88
-87
-85.42
-85.0645320245947
-84.7093595466696
-84.3545073301758
-84
-84.379526186654
-84.7560298480398
-85.1295183729203
-85.5
-86.08
-86.5
-86.42
-86.33
-85.33
-85.67
-85.58
-85.5
-84.33
-82.92
-81.67
-81.17
-81.5
-80.83
-81.17
-81.17
-80.17
-79
-77.83
-76.83
-75.75
-74.33
-74
-74
-72.42
-71.25
-69.75
-68.33
-68.1186956623776
-67.9099564422788
-67.7037387893354
-67.5
-67.6065760232819
-67.7120908492722
-67.816560325681
-67.92
-67.6233148507322
-67.3294385866509
-67.0383430223729
-66.75
-67.0844303198915
-67.4175816018666
-67.7494419795812
-68.08
-68.08
-66.75
-65.17
-64.25
-63.17
-62.17
-61.42
-62.08
-62.33
-63.5
-63.83
-65
-65.5
-67.17
-67.17
-67.42
-66.83
-65.75
-65.08
-65
-64.25
-64.5
-65.75
-66.83
-67.75
-68.92
-68.5
-67.75
-66.92
-66.17
-66.17
-67.17
-68.08
-69
-69.33
-70.33
-71.08
-71.92
-71.92
-72.75
-73.67
-74.67
-75.75
-76.5
-78
-78
-78.58
-78.25
-77.67
-77.5
-76
-74.67
-73.67
-74.58
-73.75
-73
-72.8342066980222
-72.6672822028683
-72.4992166244331
-72.33
-72.413879100483
-72.4984986998715
-72.5838689048446
-72.67
-73
-74.25
-75
-76.17
-75.83
-77.5
-78.08
-79
-79.83
-81.33
-82.33
-84.33
-85.75
-87.33
-88.25
-89
-90
NaN
-80.5
-79.25
-77.83
-76.75
-76.42
-76.58
-78.17
-79.17
-80.5
-80.83
-80.5
NaN
-96.58
-95.67
-94.5
-93.75
-93.75
-95.33
-96.58
NaN
-96.17
-94.33
-93
-91.25
-90.75
-90.4771019880083
-90.206142461367
-89.9371117509498
-89.67
-89.7962576248564
-89.9216718637893
-90.04625018854
-90.17
-89.8098298919039
-89.4531233624307
-89.0998552797384
-88.75
-86.75
-84.83
-83.08
-81.58
-79.83
-79.83
-80.42
-82.17
-83.67
-84.75
-86.5
-88.17
-90
-92
-92.17
-91.83
-92.17
-93.25
-95.08
-96.25
-96.17
NaN
-95
-95
-93.75
-93.58
-92
-91.33
-90.25
-88
-87.7885064070389
-87.5797059337473
-87.3735522663571
-87.17
-87.2989220640512
-87.4251755085079
-87.5488420117774
-87.67
-87.2287357878862
-86.789962542604
-86.3537083932134
-85.92
-85.92
-87.25
-88.08
-89.25
-92
-93.33
-93.67
-93.17
-93.83
-95
NaN
-90.5
-89
-86.67
-86.67
-86.67
-85
-82.58
-80.75
-76.83
-74.5
-72.5
-69.75
-67.17
-64.42
-62.92
-61.17
-61.17
-62.5
-64.25
-64.33
-66.75
-68.83
-70
-71.5
-74
-75
-75
-75.83
-78
-77.67
-79.25
-77.75
-79
-81
-81
-81.58
-82.67
-84
-85.17
-87.75
-89.5
-89.5
-88.17
-87.8795232250299
-87.5876943334351
-87.2945181954161
-87
-87.2475280787676
-87.4966990426658
-87.7475205207071
-88
-88
-87.3983760871943
-86.7944241425026
-86.1882594311378
-85.58
-86.0722757631521
-86.5696952409989
-87.0722678191949
-87.1987169628735
-87.3254886690791
-87.4525829985504
-87.58
-87.4857506539161
-87.39092475336
-87.2955174165633
-87.1995237133875
-86.8095849144825
-86.4098569400991
-86
-85.647824449343
-85.2937586376395
-84.9378133366375
-84.58
-84.7237359774167
-84.8699389507124
-85.0186719251763
-85.17
-85.17
-86.67
-85.83
-83.67
-82.5
-79.58
-77.67
-80.67
-83.5
-85.5
-88.25
-90
-90.5
NaN
-99.5
-98.83
-97.67
-99.5
NaN
-106.33
-105.67
-104.25
-103
-101.42
-100
-100
-99.58
-98.58
-98.17
-98
-95.83
-95.42
-95.83
-97.17
-98.83
-100
-100.83
-102.17
-104.17
-105
-104.17
-105.92
-106.33
NaN
-97
-95
-92.5
-92.33
-93.17
-95.17
-97
NaN
-105.67
-104.75
-104.58
-104
-105.33
-105.67
NaN
-105
-104
-103
-102
-101.92
-101.25
-99.5
-98
-98
-97.83
-98.33
-100.58
-101.5
-103
-104
-104.25
-105
NaN
-104.75
-104.25
-103.58
-104.75
NaN
-102.92
-102
-100.5
-101.42
-101.25
-100.17
-98.83
-97.75
-97.5786784247043
-97.4099423126632
-97.2437346493732
-97.08
-97.3350805288007
-97.5867329862074
-97.8350192537093
-98.08
-97.7246230102136
-97.3711584137149
-97.019614770736
-96.67
-96.25
-96.42
-97.83
-99
-99.92
-100.92
-102
-102.33
-102.92
NaN
-113.75
-113
-110.75
-108.92
-109.58
-111
-112
-113.75
NaN
-115.5
-114.25
-114.08
-114.83
-115.5
NaN
-113.58
-112.25
-111.08
-110.810172337194
-110.540222183695
-110.270160931175
-110
-110.043669155578
-110.086544521012
-110.128647821911
-110.17
-111.75
-113.25
-113.58
NaN
-119.5
-118.92
-117.75
-118.08
-118.5
-119.5
NaN
-124.17
-122.75
-121.67
-120.5
-119.33
-117.67
-116.75
-115.5
-116.58
-116.17
-117.5
-118.92
-119.5
-120.58
-121.92
-123.08
-124.17
NaN
-117.75
-117.17
-117.17
-116.42
-115.75
-114.33
-112.75
-112
-111.42
-110.918257495623
-110.41763175213
-109.918190386677
-109.42
-109.582225559651
-109.746281141229
-109.912196011737
-110.08
-110.018379495532
-109.956178209967
-109.893387858289
-109.83
-110.058166314517
-110.287553086216
-110.518163344689
-110.75
-110.565833418844
-110.379469059478
-110.19087034853
-110
-109.17
-108.58
-107
-105.67
-106
-106.17
-107.42
-109.5
-110.67
-111.67
-112.75
-114
-114.5
-113.25
-114.25
-115.25
-116.33
-117.75
NaN
-119
-118.83
-118
-118
-117
-115.75
-114.83
-113.67
-113.25
-111.92
-110.83
-109.58
-108
-107.42
-106.58
-105
-104.17
-104.67
-105.5
-105.17
-104.58
-104.58
-104.75
-103.75
-102.33
-100.67
-100.83
-102
-101.5
-102.58
-103.83
-105.08
-106
-107.08
-108.42
-110
-111.67
-113.08
-113.75
-115.17
-116.42
-116.75
-115.5
-114
-112.67
-114
-115.42
-117.08
-118.08
-117.75
-119
NaN
-125.25
-124.67
-124
-123.75
-124.42
-122.67
-121.17
-119.42
-117.58
-116.58
-115.08
-116.5
-117.83
-119.25
-119.67
-120.58
-121.75
-123.08
-123.83
-125.25
NaN
165.685937217858
166.22918106749
166.174899470977
166.648854854896
166.614361444468
166.474906382073
166.442504868719
166.298243931367
165.993324722901
166.022596390489
165.685937217858
NaN
172.5
172.83
173.33
172.92
172.5
NaN
-177.919064514333
-178.231266931886
-178.300671889919
-178.177933421784
-177.906814559514
-177.804293948233
-177.919064514333
NaN
-176.92
-176.75
-176.33
-176.92
NaN
-174.185733667661
-174.379578432379
-174.547347431368
-174.301597749641
-174.347587326582
-173.983963524551
-174.185733667661
NaN
-169.17
-168.5
-168
-168
-168.33
-169.17
NaN
-167.67
-167.17
-167.17
-166.42
-166.42
-167
-167.67
NaN
-171.75
-170.5
-169.83
-168.83
-169.83
-170.75
-171.75
-171.75
NaN
-167.42
-166.75
-166.08
-165.5
-165.5
-166.17
-166.83
-167.42
NaN
-154.83
-153.92
-153.25
-152.5
-152.08
-152.311206369129
-152.541608886114
-152.771206937709
-153
-152.874765731413
-152.749687293146
-152.624765209886
-152.5
-152.25
-153.08
-153.42
-154.08
-154.83
NaN
-133.08
-132.33
-131.67
-132
-131.67
-131.83
-131.33
-131
-131.83
-132.25
-132.5
-133
-133.08
NaN
-128.33
-127.92
-127.17
-126.25
-125.5
-125
-124.42
-123.67
-123.17
-123.67
-124.25
-125
-125
-125.5
-125.92
-126.5
-126.42
-127.08
-127.75
-128.33
NaN
-73
-72.33
-70.33
-68.67
-65.67
-64.5
-65
-65
-65.6674120801586
-66.3349999999979
-67.0025879198373
-67.67
-67.4478428523179
-67.2205738047149
-66.9880197403059
-66.75
-65
-63.75
-61.83
-61.25
-62
-59.33
-54.5
-51.25
-50.5
-47.33
-46.5
-44
-39.5
-36
-31.5
-27.33
-24.83
-24
-21.67
-21.2404437936883
-20.8190497994449
-20.4056299552587
-20
-20.5559499743137
-21.1028496865035
-21.6408240161031
-22.17
-25.58
-26.2454905074185
-26.912436464532
-27.5806647014548
-28.25
-28.6517798737887
-29.0490127849107
-29.4417391145285
-29.83
-28.7054256377637
-27.5799999999992
-26.4545743622346
-25.33
-25.33
-25.33
-25.33
-25.33
-23.67
-23.67
-23.67
-21.67
-21.33
-22
-23.67
-24.83
-22.5
-20.75
-19.5
-18.17
-16.42
-13.25
-12.8424299282934
-12.4433923924321
-12.0526570329995
-11.67
-12.3668741889116
-13.0419433522427
-13.6960484153323
-14.33
-15.83
-17.17
-18.08
-18.5
-19.5
-19.17
-19.67
-18.83
-18.17
-18.42
-20.33
-21.42
-21.5
-20
-19.42
-19.42
-20.08
-20.08
-18.83
-19.25
-21.5
-20.33
-20.33
-21.58
-22.17
-22.3792964787519
-22.5873915356806
-22.7942908119598
-23
-22.7486114813021
-22.498146355605
-22.2486080918705
-22
-21.75
-22
-23.33
-24.58
-23.67
-22.58
-21.75
-21.75
-21.83
-23.08
-24
-24.25
-24.5
-25.5
-25.25
-26.33
-26.33
-25.08
-23.75
-23.4364886472888
-23.1236420709084
-22.8114745123873
-22.5
-22.669485716123
-22.8376384280895
-23.0044719616931
-23.17
-23.17
-24.25
-25.25
-26.25
-27.5
-28.75
-30
-31.33
-32.17
-33
-33.42
-33.92
-34.75
-35.67
-37
-38.5
-39.67
-40
-41
-40.42
-40.5
-40.75
-41.5
-42.42
-42
-42.5
-42.75
-42.83
-43.25
-43.92
-45.17
-45.17
-45.75
-46.67
-48
-49
-49.5
-50.08
-50.33
-51.25
-51.33
-52
-52
-52.42
-53.5
-53.5
-53.75
-53.67
-53.33
-52.58
-51
-50.75
-51.25
-52.17
-53.67
-54.83
-54.58
-54.25
-52.83
-51.25
-51.58
-52.75
-52.75
-53.33
-54
-55.25
-55.75
-55.33
-55.83
-55.5
-55.67
-56.5
-56.5
-57.5
-58.33
-58.33
-60
-61.67
-63.42
-65.33
-66.58
-68.5
-69.5
-68.75
-70.25
-71.17
-70
-68.42
-70
-70.33
-71.67
-73
NaN
-24.33
-23.75
-23.67
-23
-23
-22.25
-21.5
-21.42
-21.42
-20.33
-20.25
-19.67
-19.25
-18.25
-17.58
-16.83
-16.25
-15.67
-14.75
-14.67
-13.67
-13.67
-14.5
-15.83
-16.75
-17.67
-18.75
-20
-21
-21.4374794513765
-21.8750000000006
-22.3125205486247
-22.75
-22.5646103536837
-22.377823086861
-22.1896243065338
-22
-22.1430193006782
-22.2873470703295
-22.4330012312677
-22.58
-24
-22.83
-22.6443055925602
-22.4574135603253
-22.2693147564928
-22.08
-22.246730285172
-22.4139736078
-22.5817301340636
-22.75
-23.58
-24.33
NaN
-9.05404021662837
-8.50616453697261
-8.30805216593745
-7.9248969863564
-8.00499903734917
-8.25562382606616
-8.60835917376846
-9.04743081058271
-9.05404021662837
NaN
-18.83
-17.92
-18.83
-18.83
NaN
9.33
9.33
9.58
9.25
9.5
9.67
9.75
9.92
9.58
9.33
8.92
8.83
8.42
8
7.5
7
6.5
6
5.42
5.25
5
4.5
4
3.42
2.83
2.33
1.83
1.83
1.25
1
0.33
-0.25
-0.67
-1.08
-1.58
-2
-2.58
-3.08
-3.83
-4.33
-4.75
-5.33
-5.92
-6.33
-6.92
-7.42
-7.83
-8.33
-8.92
-9.42
-9.83
-10.33
-11
-11.42
-11.92
-12.42
-12.92
-13.08
-13.08
-13.17
-13.25
-13.58
-14
-14.42
-14.67
-15
-15.42
-15.5
-15.92
-16.33
-16.75
-16.75
-16.67
-16.75
-17
-17.42
-17
-16.75
-16.42
-16.42
-16.25
-16.08
-16
-16
-16.17
-16.5
-16.17
-16.17
-16.58
-16.58
-17
-16.92
-16.83
-16.5
-16.25
-16
-15.75
-15.42
-15
-14.75
-14.58
-14.42
-14.17
-13.67
-13.42
-13.25
-12.92
-12.17
-11.5
-11.17
-10.58
-10.17
-9.83
-9.58
-9.83
-9.83
-9.5
-9.25
-9.25
-8.83
-8.83
-8.5
-8
-7.42
-6.83
-6.58
-6.33
-6.17
-5.92
-5.42
-5.17
-4.5
-4.08
-3.42
-3
-2.42
-1.92
-1.25
-1
-0.5
0
0.5
1
1.75
2.42
2.92
3.42
3.83
4.42
5
5.33
5.33
5.83
6.25
7
7.42
8.17
8.67
9.08
9.58
10.08
10.33
11
10.75
10.42
10.58
10.92
11
10.75
10.33
10
10.08
10.5
10.92
11.08
11.67
12.17
12.83
13.58
14.17
14.75
15.33
15.33
15.33
15.58
16.08
16.67
17.5
18.17
18.67
19.17
19.58
19.92
20.08
20
19.9576130490445
19.9151509747484
19.8726134135052
19.83
19.8923264619019
19.9547682458655
20.0173259063027
20.08
20.67
21.25
21.83
22.5
23.08
23.17
23.75
24.33
24.92
25.17
25.75
26.33
26.92
27.33
27.83
28.42
28.42
29
29.5
30
30.58
31.17
31.83
31.75
32.15
32.2532292582192
32.3559679549481
32.4582226955484
32.56
32.5174199262357
32.454893301703
32.392420026326
32.33
32.3926911221724
32.455254327708
32.517690370373
32.58
32.67
32.92
33.25
33.58
33.67
33.92
34
34.33
34.5
34.75
35
35.25
35.58
35.5
35.58
35.83
36.17
36.58
36.92
36.92
37.25
37.25
37.17
37.25
37.33
37.58
38.08
38.08
38.58
38.83
39.08
39.17
39.25
39.5
39.83
40.08
40.67
41.17
41.58
42.08
42.42
42.83
43.25
43.42
42.92
43.25
43.58
43.92
44.25
44.75
45.25
45.75
46.33
46.83
47.42
48
48.5
49
49
49.58
50.17
50.58
51.17
51.08
51
50.75
50.75
50.42
50.17
49.92
49.75
49.5
49.25
49.08
48.92
48.5
48.17
47.92
47.67
47.25
46.92
46.5
46.17
45.75
45.33
44.83
44.42
44
43.58
43.58
43.17
42.92
42.42
42.08
41.75
41.5
41.08
40.67
40.25
40.25
39.92
39.58
39.33
39.08
38.92
38.75
39.17
39.58
39.33
39.33
39.42
39.67
39.83
40.17
40.5
40.5
40.42
40.5
40.5
40.42
40.42
40.58
40.58
40.75
40.67
40.42
40.08
39.75
39.25
38.92
38.25
37.83
37.33
37
36.67
36.25
35.83
35.5
35.17
34.75
34.67
35
35.17
35.33
35.5
35.5
35.42
35.5
35.25
34.92
34.42
34.42
33.75
33.42
32.92
32.58
32.92
32.92
32.92
32.75
32.58
32.42
32
31.5
31.25
30.92
30.67
30.42
30
29.58
29.25
28.83
28.5
28.08
27.5
27.08
26.58
26
25.75
25.08
24.75
24.25
24.25
23.67
23.25
22.67
22.08
21.75
21.08
20.5
20.17
19.58
19.17
18.75
18.42
18.42
18.25
17.83
18.08
18.33
18.25
17.92
17.58
17.33
17.17
16.92
16.75
16.42
15.92
15.67
15.33
15.25
15.08
15.08
14.92
14.83
14.83
14.58
14.5
14.5
14.42
14.5
14.33
13.92
13.75
13.42
13.25
12.92
12.67
12.42
12.08
11.83
11.75
11.75
11.83
11.83
12.08
12.17
12.33
12.5
12.67
13
13.42
13.67
13.67
13.83
13.92
13.83
13.58
13.33
13.17
13
13.42
13.25
13
12.92
12.67
12.42
12.33
12.17
12.17
11.92
11.58
11.33
11
10.67
10.33
9.83
9.5
9.17
9
8.75
9.25
9.33
NaN
32.58
32.17
32.33
32.67
33.25
34
34.33
34.67
34.83
35
35.25
35.5
35.83
35.75
35.75
35.92
35.75
36.08
36
35.5
35.17
34.5
34.08
33.58
33.58
33.17
32.75
32.25
32
31.25
30.67
30.5
29.75
29.25
28.58
28
28.17
27.67
27.5450002154839
27.4199999999998
27.2949997845156
27.17
27.2522302417128
27.3346397847517
27.4172294346703
27.5
27.3952630209891
27.2903509808162
27.1852634499949
27.08
27.17
26.75
26.25
26.33
26.67
26.92
26.75
26.67
26.83
26
26.17
26.17
26.58
26.08
25.75
25.17
24.75
24.25
24
23.5
23.75
23.58
23.08
22.58
22.5
22.83
23.17
23.33
23.67
24.08
24.17
24.17
24.58
24
24
23.5
22.92
22.58
21.83
21.08
20.67
20.33
20.08
19.75
19.33
19.33
19.42
19.5
19
18.5
17.92
17.33
16.58
16
15.75
15.17
15.17
14.92
14.83
14.17
14.08
13.75
13.75
13.5
13.42
13.58
13.08
12.58
12.17
12.08
12.33
12.17
12.25
12.67
13.08
13.58
13.83
13.92
14.17
14.67
15.25
16.08
15.83
16.33
16.92
17.42
17.92
18.42
18.25
17.92
17.83
17.33
16.92
16.92
16.67
16.5
17
17
16.5
16.5
16.17
16
15.67
15.67
15.83
16.08
16
15.75
15.67
15
14.75
14.42
14
13.58
12.92
12.42
12
11.5
11
10.92
10.42
10.17
10.08
9.5
9.5
9.17
8.67
8.25
8
7.42
6.83
6.42
5.83
5.25
4.58
4
3.58
3
3.08
3.17
2.67
2.08
1.5
1
0.5
0
-0.33
-0.25
-0.124563537673831
0.000581241619058977
0.125435400010871
0.25
0.104499737124542
-0.0406663331775021
-0.185499235797881
-0.33
-0.67
-0.83
-1.33
-1.83
-2.17
-2.17
-2.75
-3.33
-3.92
-4.5
-5
-5.5
-6
-6.33
-6.5
-7
-7.42
-7.83
-8.33
-8.92
-8.75
-8.75
-8.67
-9.08
-9.33
-9.25
-8.92
-8.83
-8.67
-8.58
-8.75
-8.83
-8.75
-9.17
-8.92
-8.33
-8.33
-8
-7.25
-6.58
-5.83
-5.08
-4.42
-3.58
-2.75
-2.17
-1.67
-1.42
-1.25
-1.17
-1.08
-1
-1.25
-1.75
-2
-1.92
-2.33
-2.5
-3.17
-3.75
-4.25
-4.67
-4.75
-4.17
-3.67
-3
-2.67
-2.67
-2
-1.42
-1.58
-1.92
-1.33
-1.08
-0.58
0
0.17
0.58
1.08
1.5
1.58
1.75
2.33
3
3.58
4
4.33
4.58
4.75
5.08
5.08
5.5
5.92
5.92
5.5
5.5
6.08
7
7
7.33
8
8.5
8.58
9
8.67
9
8.67
8.67
8.17
8.08
8.08
8.25
8.67
9.42
9.83
10.5
10.5
10.25
10.25
10.83
10.83
10.17
9.75
9.42
10
10
10.92
10.75
11.33
11.33
11.83
12.25
12.92
13.33
13.67
13.25
13.83
14.33
15.17
16
16.67
17.5
18.33
18.67
19.25
19.75
20
20.75
21.08
21
21
21.33
21.67
22.42
22.92
23.25
23.83
24.33
24.33
24.33
24.33
23.75
23.5
23.5
24.17
25
25.92
26.83
27.92
28.33
29.17
29.420958103315
29.6712804175488
29.9209624964206
30.17
30.0659982174343
29.961335306474
29.856004761399
29.75
29.08
28.33
27.17
26.25
25.33
24.42
23.5
22.58
22.08
21.33
21.33
21.67
21.25
21.17
21.58
22.42
23.25
24.08
24.08
24.67
25.33
25.33
24.5
23.83
23.17
22.42
22
21.42
21.5
21
21.67
21
20.67
19.83
19.17
18.42
17.75
17.42
17.33
17.17
17.25
17.92
18.58
18.83
18.58
18
18.33
17.58
16.83
16.83
16.67
16.67
16.5
16.33
15.92
15.33
14.67
14.17
14.25
13.67
13
13
12.67
12.92
12.33
12
11.67
11.33
11.08
10.58
10.25
9.75
9
8.5
7.67
6.83
6
5.58
5.67
6.17
6.17
5.42
5.25
5.58
5.08
5
4.95791932696489
4.91556111406005
4.87292235478889
4.83
4.93417246023938
5.03889377778098
5.14416819734473
5.25
5.16815909643137
5.08588119372288
5.00316270307605
4.92
5.10593376008368
5.292907378572
5.48092730740793
5.67
6.33
7
8
8.5
8.92
9.5
10.08
10.67
11.33
12.17
12.58
13
13.33
13.83
14.67
15
16.17
15
14
12.92
13.67
13.67
14.0006313300639
14.3325163877054
14.6656433512038
15
14.8562046933395
14.7116098794915
14.5662101323322
14.42
14.6455835979782
14.8724413844397
15.1005785005263
15.33
16.17
15.92
16.58
16.67
16.8949685047713
17.1216156187534
17.3499549192014
17.58
17.435396825581
17.2905285287903
17.1453959636822
17
17
18.08
18.92
20.17
21.5
22.33
23.33
24.25
24.83
25.67
25.58
26.58
26.83
27.75
29.08
30.17
31.17
30
29.6885254876126
29.3763579290915
29.0635113527111
28.75
29.0663293997428
29.3800951730363
29.6913132883916
30
31.25
31.25
32.08
33.08
33.08
34.5
35.83
37
38
39
40
40.92
41.25
41.25
40.58
39.5
38.33
37.25
36.25
35.33
34.33
33.17
32.9424057968269
32.713215457671
32.4824173858646
32.25
32.3972384995999
32.542969519732
32.687215885292
32.83
33.67
34.67
34.67
34.67
34.67
35.75
36.75
38
38
38
37.25
36.5
36.92
37.75
38.67
39.5
40.67
40.17
40.0464876043803
39.9219912804442
39.7964993577892
39.67
39.8755225068711
40.0823573671648
40.2905135443167
40.5
41.5
42.17
43.17
43.92
44.5
44.5
43.83
44.17
44.17
43.25
44.5
45.67
46.25
46.67
45.5
45.3530633337134
45.2074288100464
45.0630798192209
44.92
45.14863522793
45.3765150510125
45.6036373233695
45.83
46.33
47.33
47.33
48.17
48.17
49.08
50.17
51
52.08
53
53.92
54
54.83
55.17
56.17
57.25
58.17
59.08
59.08
59.83
59.83
60.5
61.08
60.5
60.17
59.17
58.58
59.08
60.17
61.75
63
64.08
65.08
65.08
66
67.08
67.75
68.58
69.08
68.33
67.83
66.92
66.92
67.33
66.83
67
68.25
68.75
68.92
69.5
70.08
70.3504634756357
70.622285181329
70.8954643567124
71.17
71.2968122295569
71.4224050713842
71.5467954497506
71.67
71.584084402054
71.4987834761844
71.4140907912021
71.33
71.7089630445262
72.0852845350576
72.4589635429764
72.83
72.83
72.83
72.83
72.83
72.7257847363807
72.6227257070869
72.5208037222296
72.42
72.2700332408033
72.1217286994251
71.9750596768738
71.83
72.0434257315025
72.2545453928567
72.4633924873939
72.67
72.67
72.67
72.67
72.67
72.67
72.67
72.67
72.67
72.6470326044044
72.624381279427
72.6020392670413
72.58
72.58
72.58
72.58
72.58
72.833555262159
73.0847224100886
73.333528403724
73.58
73.58
73.17
73.17
72.5
71.83
70.5
71.58
72.5
73.5
74
74.83
74.5
74.58
74.8080544486473
75.0374025173529
75.2680493505809
75.5
75.1060951922062
74.7114398642789
74.3160645122796
73.92
73.67
73.83
74.33
73.83
73.17
73.75
74.67
75.17
75.08
74.17
74.5
75.5
75.75
75.33
75.33
76.92
76.92
78.5
78
76.58
76.08
76.92
77.75
78.33
78.0019538143979
77.6709525103982
77.3369748605117
77
77.1855643080788
77.3724122923571
77.5605541202185
77.75
78.5
79.5
80.58
81.58
81.8905111066848
82.202353454559
82.515519166444
82.83
82.6677834992719
82.5037314184487
82.337813776374
82.17
80.83
80.83
80.33
82
83.75
85.25
87
86.5
86.58
87.5
88.67
90.58
92.17
93.25
94.75
94.75
95.3049852904074
95.8650025320627
96.4300195904023
97
96.9160443923319
96.8330705491423
96.7510613342105
96.67
97.351250139759
98.0367649912682
98.726398942127
99.42
99.3168547019012
99.2124874317886
99.1068765697524
99
101
101
102.5
104.08
104.589840932426
105.09308308458
105.589783113029
106.08
105.613468631059
105.153000991631
104.698533166343
104.25
104.68747576496
105.124999999999
105.562524235039
106
106.376693809735
106.752275331407
107.126719054197
107.5
107.222429273359
106.949993240074
106.682559571936
106.42
106.772487384239
107.124999999998
107.477512615757
107.83
108.17
109.58
111.17
112.42
113.5
113.83
113.67
112.5
111
109.67
108.33
107.17
106.5
107.58
108.83
110.17
110.17
110.004359662467
109.837487276381
109.669371276287
109.5
109.665610015687
109.832471995465
110.000597951257
110.17
111.17
112
113
113.67
114.83
115.92
117.25
118.67
118.5
120
122
123.33
122.83
123
124.83
126.92
128.58
129.83
129.5
128.75
129.42
130.33
131.25
131.25
132
132.25
132.58
133.5
134.42
135
135.83
136.67
138.58
138.9787311287
139.376662727596
139.773762853595
140.17
140.047067858494
139.92277228172
139.797090682748
139.67
139.33
139.75
141.17
140.67
142.42
143.83
145.25
146.83
148.5
149.83
150
150.67
151.58
152.42
152.42
153.5
154.58
156
157.5
157.5
158.83
159.67
159.753784767042
159.836704010686
159.918771317959
160
159.873098252544
159.747476985979
159.623117138198
159.5
159.795089686805
160.088451262517
160.380087132024
160.67
162.25
164
165.67
167
167.67
168.25
169.42
169.17
168.25
168.33
169.33
169.58
170.42
171
170.58
170.58
172
173.33
174.67
176.17
177.42
178.67
179.75
180
180
180.92
181.83
183.08
184.17
185
185.5
186.83
188.33
189.17
189.423139604451
189.674172915234
189.923119785093
190.17
189.981122828043
189.793166313555
189.606126649862
189.42
188.92
187.83
187.83
187.25
187
186
184.92
184.17
184
183
182.33
181.5
181.17
181
180.08
180.75
180.33
180
180
179.58
178.67
177.5
177.5
178.33
178.58
178.83
179.25
179.67
179
178.17
177
176.25
175.33
174.58
173.83
173.08
172.33
171.5
170.67
170.67
170.33
169.83
169.17
168.25
167.5
166.83
166.17
166.17
165.33
164.75
164.17
163.33
163.17
162.92
162.33
161.92
162.08
162.58
163.17
162.67
162.67
163.08
163.25
162.83
162.42
161.92
161.58
161.67
162.08
161.67
161.67
161.17
160.42
159.92
159.83
159.92
159.17
158.58
158.42
157.92
157.33
156.67
156.5
156.5
156.42
156.08
156
155.83
155.67
155.5
155.42
155.5
155.75
156
156.67
157
156.83
157.5
158.25
159
159.67
159.67
160.08
160.92
161.58
161.92
162.67
163.5
163.75
163.92
164.08
164.75
164.42
163.25
162.92
162.92
162.25
161.67
161
160.17
159.92
159.83
159.953257654372
160.077665570262
160.203240623881
160.33
160.12169214681
159.913921572827
159.706690227222
159.5
158.83
157.92
156.92
156.33
155.75
155
154.5
154.17
154.17
154.83
154.915469211237
155.000624515934
155.085467564864
155.17
154.876928839879
154.584231514158
154.291918455511
154
153.33
152.92
152
151.33
151.08
151.67
151.33
150.83
150.17
149.5
149
148.92
148.83
148.17
147.42
146.5
145.92
145.58
144.67
143.67
142.67
142
141.67
141
140.58
140.25
139.67
139.67
139
138.5
137.92
137.25
136.58
135.92
135.17
135.25
135.92
136.67
136.67
136.67
137.08
137.67
137.67
137.584499756351
137.499334386991
137.414501820612
137.33
137.559304583772
137.789074869564
138.01930773577
138.25
138.83
139.5
140.17
140.25
140.75
141.33
141.08
141.08
141.33
141.08
140.75
140.5
140.42
140.42
140.5
140.5
140.33
140.17
139.5
139
138.5
138.25
137.92
137.5
136.92
136.33
135.67
135.5
135
134.33
133.75
133.08
132.33
132.33
131.75
131.5
131.17
130.83
130.67
130.08
129.58
129.67
129.67
129.25
129.25
128.75
128.25
127.83
127.704877163298
127.579835970742
127.454876793475
127.33
127.372615633764
127.415153983974
127.457615342493
127.468218686256
127.478817240748
127.489411010489
127.5
127.489327708671
127.478661760542
127.4680021475
127.457348861441
127.414798825398
127.372349375917
127.33
127.455332941058
127.580443645881
127.705332526918
127.83
128.25
128.5
128.83
129.17
129.33
129.42
129.42
129.33
129.08
128.5
127.75
127.17
126.58
126.33
126.33
126.75
126.5
126.17
126.75
126.58
126.08
125.33
124.75
124.75
125
125.17
125.42
125.08
124.67
124.08
123.5
123
122.42
122.08
121.58
121.17
121.67
121.33
121.5
121.92
122.25
121.92
121.25
120.83
120.42
119.92
119.42
119.25
119
118.42
118
117.67
117.58
117.92
117.92
118.33
118.83
118.92
119.33
119.75
120
120.33
120.83
121.17
121.58
122.08
122.205112322874
122.330149985834
122.455112655301
122.58
122.517190069358
122.454587801513
122.392191629692
122.33
122
121.5
120.83
120.67
120.17
119.67
119.42
119.17
119.75
120.33
120.5
120.67
120.83
120.92
121.25
121.67
121.83
121.83
121.25
121.83
121.92
121.5
121.17
120.92
120.42
120.75
121.33
121.67
122.08
122
121.92
121.67
121.5
121.58
121.42
121.08
120.83
120.58
120.33
120
119.67
119.75
119.67
119.42
119.17
118.83
118.67
118.17
118.17
118.17
117.83
117.42
117
116.5
116
115.5
115
114.5
114.17
113.67
113.5
113.08
113
112.5
112
111.5
110.92
110.42
110.25
110.5
110.25
109.92
109.75
109.67
109.75
109.42
109
108.5
108
108
107.58
107.08
106.67
106.42
105.92
105.75
105.58
105.92
106.33
106.42
106.83
107.17
107.67
108.08
108.42
108.83
109
109.17
109.25
109.25
109.25
109.17
109.17
109
108.5
108.08
107.67
107.25
106.67
106.67
106.67
106.33
105.83
105.42
105
104.83
104.83
104.872452022433
104.914935737014
104.957451582786
105
104.875049817224
104.750066498891
104.625049930983
104.5
104.25
103.67
103.25
103
102.83
102.58
102.25
101.83
101.42
100.92
100.92
100.42
100
99.92
99.92
99.75
99.58
99.33
99.17
99.17
99.33
99.83
99.83
99.92
100.25
100.42
100.58
100.92
101.5
101.83
102.25
102.67
103.08
103.42
103.42
103.42
103.42
103.42
103.75
104.08
104.25
103.5
103.17
102.75
102.25
101.92
101.42
101.33
100.92
100.58
100.67
100.42
100.33
100.33
100.33
100.08
99.75
99.42
99.08
98.67
98.42
98.25
98.25
98.5
98.5
98.5
98.75
98.75
98.5
98.75
98.58
98.25
98.08
97.92
97.83
97.75
97.58
97.25
96.92
96.75
96.25
95.83
95.5
95.08
95.08
94.75
94.25
94.42
94.58
94.5
94.33
94.17
93.83
93.58
93.75
93.5
93.17
92.92
92.5
92.17
92
91.92
91.75
91.42
90.92
90.58
90.25
89.75
89.25
88.75
88.33
88.17
88
87.58
87.08
87.08
86.92
87
86.75
86.42
85.92
85.5
85.08
84.83
84.5
84.08
83.67
83.33
83
82.58
82.33
82.25
82
81.5
81.17
81
80.42
80.17
80.08
80.17
80.25
80.33
80.25
80
79.75
79.75
79.75
79.83
79.83
79.33
79
79
78.58
78.17
78
77.58
77.17
76.83
76.5
76.33
76.17
76
75.83
75.58
75.25
75
74.83
74.67
74.5
74.42
74.08
73.75
73.5
73.33
73.25
73.17
73
73
72.83
73
72.83
72.67
72.75
72.83
72.58
72.5
72.58
72.33
72.17
72.08
71.67
71.17
70.58
70.08
69.67
69.33
69.08
69.67
70.17
70.33
69.75
69.17
68.67
68.33
67.92
67.42
67.33
67.17
67.17
66.83
66.58
66.08
65.58
65.17
64.67
64.25
63.83
63.5
62.92
62.42
61.83
61.17
60.75
60.17
59.67
59.17
58.58
58
57.33
57.17
57.08
56.75
56.25
55.75
55.33
54.75
54.33
53.83
53.5
53.5
53
52.58
52.17
51.5
51.25
51.08
50.67
50.33
50
49.58
49.25
48.92
48.58
48.33
47.75
48.17
48.33
48.58
48.83
49.25
49.67
50.08
50.25
50.17
50.5
50.67
51
51.08
51.33
51.58
51.58
51.67
51.58
51.25
51.67
51.83
52.42
52.75
53.25
53.83
54.25
54.5
55
55.33
55.67
56.08
56.25
56.5
56.42
56.42
56.42
56.83
57.25
57.75
58.25
58.83
59.08
59.42
59.83
59.58
59.33
59.33
59
58.75
58.5
58.08
57.83
57.75
57.92
57.5
57.08
56.75
56.58
56.33
55.92
55.42
55.25
54.83
54.42
53.92
53.42
52.92
52.42
52.25
52.25
51.75
51.25
50.75
50.25
49.67
49.17
48.83
48.83
48.33
47.83
47.42
47.08
46.58
46.08
45.67
45.42
44.92
44.42
43.92
43.5
43.17
43.25
43.08
42.92
42.75
42.67
42.75
42.67
42.42
42.08
41.75
41.5
41.25
41
40.75
40.33
39.67
39.5
39.5
39.17
39.08
39
39.08
39
38.75
38.42
38
37.5
37.25
37.08
36.75
36.42
36.08
35.75
35.5
35.17
34.67
34.83
35
35
34.67
34.42
34.42
34.17
33.75
33.42
33.25
33
32.75
32.75
32.58
NaN
112.83
111.58
112.08
113.33
112.83
NaN
26.58
27.17
27.75
27.75
28.42
29
28.92
29.42
28.83
28.17
27.42
27.08
26.58
NaN
13.08
13.33
13.5
13.83
13.92
14.17
14.58
15.08
15.25
14.75
14.17
14.17
13.92
13.42
13.08
NaN
31.67
31.83
32.25
32.75
33.42
33.83
33.25
33.58
33.92
34.08
34.25
34
33.5
33
32.42
31.83
31.67
31.83
31.75
31.67
NaN
29.25
29.5
29.83
30.33
30.58
30.5
31.08
31
30.75
30.5
30.58
30.17
30.0649494233928
29.9599328598126
29.8549498663
29.75
29.8125360887731
29.8750478303248
29.9375356568483
30
29.9574688781091
29.9149588769091
29.8724694369991
29.83
29.67
29.42
29.33
29.08
29.25
29.08
29.33
29.25
NaN
34.08
34.17
34.33
34.33
34.67
34.75
35.08
35.33
35.25
34.92
34.83
34.83
34.872568658504
34.9150911338309
34.9575680428381
35
34.9173712079684
34.8348290866225
34.7523724209548
34.67
34.58
34.5
34.08
34
34.25
34.25
34.42
34.08
NaN
27.5
27.92
28.08
28.58
29.17
29.83
30.5
31.08
31.58
32.08
32.58
33.25
33.83
34.5
35
35.33
36
36.33
36.75
37.25
37.67
38.17
38.75
39.33
39.92
40.5
41.08
41.58
41.67
41.42
41.42
41.25
41
40.33
39.83
39.5
39
38.5
38
37.67
37.25
37
36.67
36.08
35.58
35.08
34.58
34.25
33.75
33.42
33.58
33.25
32.67
33.08
33.75
33.17
32.58
31.83
32.08
31.42
30.83
30.83
30.58
30.17
29.58
29.67
29.5
29
28.67
28.67
28.58
28
27.92
27.5
NaN
34.42
34.75
35
35.5
36.08
36.67
37.33
37.75
38.25
37.92
37.67
38.17
38.75
39.33
39
38.42
37.58
36.83
36.08
35.42
35
34.42
NaN
46.67
46.67
47.08
47.42
47.42
47.42
47.83
48.25
48.67
49
49.17
49.67
49.815259208616
49.9603458344429
50.1052595413597
50.25
50.1248749689283
49.9998330400221
49.874874591782
49.75
49.42
49.25
49.17
48.75
48.83
48.92
49
49.5
50.17
50.33
51
51.58
52.42
53.17
53.92
54
54
53.75
53.75
54
53.58
53.42
53.5
52.75
52.67
52.92
53.5
54.17
54.75
54.33
53.92
53.67
53
52.67
52.75
52.42
52.397610967671
52.3751482992219
52.3526114822422
52.33
52.4145846722513
52.4994450764392
52.5845829395797
52.67
52.6276281940953
52.5851711506072
52.542628532189
52.5
51.83
51.33
51.17
50.75
50.17
50.25
50.92
51.42
51.42
51.17
51.314370766348
51.4591600264912
51.6043692743999
51.75
51.9372752953093
52.1247015905973
52.3122770936865
52.5
53.08
53.67
54.25
53.92
53.83
53.67
53.17
52.58
52.08
51.42
50.92
50.17
49.5
48.92
49
48.5
48.25
47.58
47.33
47
46.67
NaN
58.17
58.17
58.33
58.33
59
59.67
59.83
60.5
61.08
61.08
61.5
61.83
61.5
61
61
61.33
61.67
61
60.75
60.08
60.08
59.75
59.5
59
58.67
58.58
58.17
NaN
73.42
73.83
74.08
74.25
74.17
74.75
75.17
76
76.83
77.33
78
78.75
79.25
78.75
78.33
77.83
77.33
76.83
76.08
75.25
74.75
74.17
73.67
73.42
NaN
103.58
104.5
105.25
105.92
106.25
107
107.83
108.33
109
109.42
109.5
109.67
109.92
109.5
109.25
109.17
108.83
108.5
108.17
107.58
107
106.58
106.08
105.67
105.25
104.5
103.58
NaN
30
30.58
30.92
31.08
31.5
31.75
32.5
32.83
32.83
32.5
31.83
31.42
30.75
30.17
30
NaN
34.5
34.83
35.5
35.5
36
36.42
36.42
36
35.75
35.83
35.25
34.5
34.83
35.33
35.33
34.67
34.5
NaN
43.25
43.58
43.92
44.08
44.42
44.5
44.25
44.25
44
44
43.92
44.25
44.5
44.92
45.42
45.92
46.42
46.83
47.25
47.67
47.58
47.92
47.83
48.33
48.75
48.83
48.83
49.25
49.58
49.83
49.92
50.17
50.33
50.42
50.08
49.67
49.75
49.67
49.42
49.42
49.42
49.33
49.25
49
48.83
48.67
48.5
48.42
48.25
48.08
47.92
47.83
47.75
47.67
47.5
47.33
47.17
46.83
46.42
45.92
45.5
45
44.58
44.17
43.75
43.67
43.58
43.33
43.25
43.25
NaN
55.17
55.58
55.83
55.75
55.33
55.17
NaN
57.33
57.5
57.75
57.75
57.33
NaN
53.33
53.67
54.17
54.58
54.08
53.67
53.33
NaN
68.83
69
69.33
69.67
70
70.58
70.42
70
69.83
69.5
68.92
69.17
68.83
NaN
92.6807250291134
92.5312247144373
92.7533132170992
92.914330048594
92.9652278118068
92.6807250291134
NaN
92.8677246456791
92.8272477119554
92.8831930971716
92.979454853423
93.06455463069
93.0769155006349
92.8677246456791
NaN
96.4070710432786
96.0803149633811
95.809086015527
95.8480427695392
95.9739957390652
96.2558388152619
96.4070710432786
NaN
97.25
97.5
98
98
97.58
97.25
NaN
98.75
99
99.42
99.08
98.83
98.75
NaN
79.75
79.83
79.92
80.17
80
80.58
80.92
81.25
81.5
81.83
81.83
81.67
81.25
80.67
80.25
80
79.83
79.75
79.75
NaN
108.67
109.08
109.58
110
110.5
111
111
110.67
110.5
110.17
109.67
109.25
108.75
108.67
108.67
NaN
120.17
120.5
120.75
121.08
121.58
121.92
121.92
121.67
121.5
121.33
121
120.83
120.67
120.33
120.17
120.17
NaN
129.5
130
130.42
130.92
131.08
131.58
131.67
131.92
131.67
131.42
131.33
130.75
130.17
130.17
130.17
130.5
130.5
130.25
130.17
129.75
129.5
NaN
132.25
132.67
132.83
133.33
133.58
134.08
134.58
134.67
134.33
134.08
133.75
133.25
133.08
132.92
132.42
132.25
NaN
130.92
131.42
131.83
132.33
132.75
133.25
134
134.67
135.25
135.67
136
136
136.33
136.67
136.75
137.17
137
137
137.58
138.17
138.17
138.58
138.83
139.33
139.5
139.83
140
140
140
140
140.33
140.67
141.08
141.08
140.75
140.83
141.42
141.33
141.42
141.75
141.92
141.83
141.5
141.5
141.08
140.92
141
140.92
140.67
140.58
140.75
140.75
140.42
140.33
139.75
139.83
139.58
139.08
138.83
138.67
138.08
137.25
136.75
136.5
136.75
136.17
135.75
135.42
135.17
135.17
135.5
134.92
134.5
133.92
133.5
132.92
132.33
132
131.5
130.92
130.92
NaN
139.83
140.42
140.33
140.75
141.25
141.33
141.25
141.58
141.67
141.75
141.5
141.92
142.33
142.67
142.67
143
143.58
144.17
144.67
145.33
145
145.25
145.25
145.83
145.33
144.75
144.17
143.67
143.33
143.25
142.5
141.83
141.33
140.92
140.67
140.33
140.25
140.67
141.08
140.5
140
140
139.75
139.83
NaN
127.667993973762
127.656370237941
127.817396903917
128.303264680748
128.340149504718
128.347796362212
127.96154581203
127.792724706209
127.667993973762
NaN
129.295547449471
129.24272942846
129.231555240267
129.293335899178
129.524954544999
129.726385560287
129.295547449471
NaN
145.442132687183
146.070049041262
146.394907446495
145.442132687183
NaN
146.92
147.42
147.92
148.33
148.83
148.17
147.5
146.92
NaN
149.5
150
150.5
149.83
149.5
NaN
155.17
155.67
156.08
156.08
155.83
155.17
155.17
NaN
137.25
137.5
138.08
137.58
137.25
NaN
163.33
163.67
164.25
164.42
163.33
NaN
141.75
142.25
142.312221952382
142.374628684371
142.437221073011
142.5
142.43797228482
142.3756315184
142.312975000078
142.25
142.354846890951
142.459796048035
142.564847181798
142.67
142.92
143
143.17
143.17
143.08
143.33
143.5
143.67
143.92
144.17
144.33
143.75
143.25
143.25
142.92
142.83
142.58
142.5
142.67
143
143.08
143.42
143.42
143
142.58
142.25
142
141.75
142
142
142.17
142
141.83
142
142.08
142.08
142
142.08
142
141.67
141.67
141.83
141.75
NaN
180
178.83
178.67
180
181.75
181.96040881526
182.168862973033
182.375385708528
182.58
182.138007038043
181.699000094636
181.262993477608
180.83
180
NaN
140.58
141
142.25
143.5
143.5
141.58
140.58
NaN
140.17
141
141
140.33
140.17
NaN
146.5
147.33
149.25
151
150.5
149.25
147.25
146.5
NaN
137.17
137.5
139
141
142
143.25
144
145
145
144
142.83
142
140.5
139.25
138.08
137.17
NaN
99.33
99.83
100.58
101.25
102.33
103.92
105
105
103.17
101
99.33
NaN
91.17
92.67
93.17
95.58
96.42
96.6955331083988
96.9673348412742
97.2354694295564
97.5
97.3725062919965
97.2466964414902
97.1225381731421
97
97.14870863738
97.2949038608617
97.4386476437407
97.58
99.25
99.4855830234185
99.7173884722545
99.9455002402843
100.17
99.9975022036828
99.8284007827857
99.6625980705934
99.5
99.83
98.33
96.75
94.67
93.83
91.83
91.17
NaN
51.67
51.67
51.67
51.67
51.67
51.9372513464786
52.2063294417687
52.47724286286
52.75
52.688378019499
52.6261762942193
52.5633864615091
52.5
52.5456416833647
52.591443891652
52.6374074470827
52.6835331770781
52.729821914297
52.7762744966828
52.8228917674847
52.8696745753075
53.0584783383816
53.25
53.517061283295
53.7860743195746
54.0570502371517
54.33
54.206824243497
54.0824438344976
53.9568415843733
53.83
54.92
55.75
55.75
57.5
57.5
58.17
59.25
61.17
63.17
65.17
66
67.75
69.08
68.83
67.25
65.5
63.83
62.25
60.75
59.83
58.67
57.83
57
56.17
55.58
55.5
55.75
56.33
56.6691905277101
57.0055769432049
57.3391747779739
57.67
57.4813100298068
57.293414470616
57.1063116882251
56.92
55.33
53.83
53.5832212433306
53.3343086055768
53.0832416801531
52.83
52.5445995091537
52.2561576693501
51.9646370543405
51.67
NaN
48.75
48.5
49.17
50.33
50
48.75
NaN
63.2489368203742
62.9479843141808
63.1449756880921
63.3672238491184
64.3083405649349
64.7424302831953
65.141998670896
65.3645532056556
65.23470514731
64.8409013953816
63.2489368203742
NaN
59.6481436751265
59.456365590854
59.579587420369
59.789793960684
60.4063904131603
61.367126445532
61.9936147579593
62.217430409412
61.8583929379152
61.2053397208823
60.7563504534356
59.6481436751265
NaN
56.6393603475741
56.5422918291816
56.0693506506449
56.1000771471188
56.2996418004118
57.0281262321584
57.043950303732
56.9259888813792
56.6393603475741
NaN
57.50830976225
58.450147985325
59.0024798431139
58.6139275050242
57.7287372123551
57.6403322247771
57.50830976225
NaN
54.25
54.83
56.5
56.5
58.5
58.83
57.67
58.5
56.33
54.25
NaN
53.17
54
54.2542719621673
54.5056695864294
54.7542325371929
55
54.5414803049968
54.0836036130491
53.6264252443471
53.17
NaN
44.5
47
48
48
50.33
51.17
50
50
48.42
47
47
45.67
44.5
NaN
11
13.83
15.5
16.33
18
18
20
21
23
24.83
24.83
27
27
25.67
23.83
20.92
18.75
19
21.5
22.17
23.17
24.83
22.67
20.83
21.67
20.67
20.25
19
18.92
18.08
17.33
17
15.17
14
13.67
14.0166161408189
14.3671272374509
14.7215747705073
15.08
14.6025317847339
14.1250000000016
13.6474682152693
13.17
11.67
11
11
NaN
-7.42
-7.25
-6.33
-6.92
-7.42
NaN
-1.38343958643956
-1.44895988871044
-1.40667454715998
-1.48211854718674
-1.28568358986622
-1.22755782940787
-1.08100916185137
-1.38343958643956
NaN
-3.03740021907134
-3.28080657166615
-3.40120235343843
-3.33469190451689
-3.15674380221521
-2.92567125930044
-2.96661614952165
-3.03740021907134
NaN
-7.25
-7
-7
-6.17
-6.42
-7.25
NaN
9.75
10.28
10.75
10.7
10.08
9.75
NaN
11.08
11.75
12.42
12.4603102508089
12.5004124564284
12.5403084389631
12.58
12.4770490174094
12.3743994098077
12.2720500970333
12.17
12.42
11.83
11.25
11.08
NaN
11
11.58
12.08
11.83
11.33
11
NaN
18.08
18.42
19.17
18.75
18.75
18.25
18.08
NaN
21.83
22.33
23.17
22.67
22.17
21.83
NaN
22.33
22.5
23
22.42
22.33
NaN
-5.58
-5
-4.5
-4.08
-3.5
-3
-2.67
-3.33
-3.83
-4.33
-5
-5.04232414009193
-5.08476514799345
-5.12732358109048
-5.17
-5.02311639520253
-4.87582243418472
-4.72811725334462
-4.58
-4.08
-4.08
-4.67
-4.33
-4.5
-3.58
-3
-3
-2.67
-3.17
-3.58
-3.25
-4
-4.75
-4.83198161424289
-4.91430727780454
-4.9969792980365
-5.08
-4.97861561400311
-4.87649348347627
-4.77362464488855
-4.67
-4.7718531256622
-4.87413569662005
-4.9768504149839
-5.08
-5.08
-5.58
-5.58
-6.17
-5.5
-5.42
-6
-6
-5.58
-6.25
-6.67
-6.33
-5.83
-5.75
-5.33
-5
-4.08
-3.17
-3
-3.83
-4.17
-3.42
-2.75
-1.92
-1.83
-2.08
-2.42
-2.83
-3.33
-2.67
-2
-2
-1.67
-1.5
-1.17
-0.5
-0.25
-0.08
0.17
0.33
0
0.25
0.58
1
1.58
1.83
1.58
1
0.58
1.42
0.92
0.08
-0.67
-1.42
-2.08
-2.83
-3.5
-3.67
-4.5
-5.08
-5.58
NaN
-10.33
-9.75
-9.5
-9
-9.5
-10
-9.5
-10
-9.75
-9.08
-8.5
-8.17
-8.67
-8.25
-7.5
-6.75
-6.08
-5.75
-5.58
-6.25
-6.08
-6
-6.17
-6.33
-7.25
-8
-8.75
-9.58
-10.08
-10.33
NaN
8.67
9.17
9.42
9.42
9.5
9.33
9.17
8.67
8.58
8.67
NaN
8.17
8.42
8.75
9.25
9.67
9.75
9.75
9.67
9.5
9.08
8.75
8.33
8.42
8.42
8.17
8.17
NaN
12.33
12.75
13.25
13.67
14.25
15
15.67
15.33
15.17
15.33
15.17
14.5
14.17
13.67
13
12.67
12.33
NaN
21.08
21.33
21.83
22.33
22.83
23.17
22.67
22.83
23.08
22.67
22.33
22.08
21.67
21.5
21.58
21.08
NaN
23.5
23.58
24.17
24.25
24.75
25.17
25.75
25.75
26.25
26.17
25.5
24.83
24.5
24
23.5
NaN
32.25
32.75
33
33.42
33.92
34.5
33.92
34.08
33.67
33.5
33
32.42
32.25
NaN
2.25
2.92
3.42
3.08
2.73
2.25
NaN
27.67
28.25
28.08
27.75
27.67
NaN
26.4216215347702
26.3299677129587
26.212250985767
26.0299533870444
25.9003374018617
25.8589423223557
25.8896235694489
26.3033175689478
26.3831308795929
26.5096723858048
26.4216215347702
NaN
26.0002418228706
25.8130822631503
26.0178199243303
26.1785613169641
26.0884004834629
26.0002418228706
NaN
-28.1597661594428
-28.0293893694369
-28.1929632679821
-28.4735454097547
-28.5366321878669
-28.4901511525856
-28.1597661594428
NaN
-25.2548488430309
-25.7897496335887
-25.8258174925971
-25.8139606469972
-25.4882663179953
-25.2349431796117
-25.1679281544546
-25.2548488430309
NaN
-16.83
-16.5
-16.17
-16.33
-16.58
-16.83
NaN
-15.8
-15.67
-15.37
-15.33
-15.67
-15.8
NaN
-13.7387047684927
-13.7870708634293
-13.7669375010774
-13.541560382708
-13.4282554645504
-13.412159507578
-13.7387047684927
NaN
-14.2095413230737
-14.1822604675603
-13.9612548658688
-13.8980852355612
-13.9338371551099
-14.2095413230737
NaN
8.5
8.67
8.92
8.75
8.5
NaN
115.17
115.17
115.58
115.83
115.75
115.83
115.83
115.58
115.42
115.17
115
115
114.92
114.58
114.17
114.17
113.92
113.5
113.33
113.83
113.5
113.75
113.75
114.17
114.17
113.92
113.67
113.5
113.42
113.83
113.83
113.67
113.83
114.08
114.33
114.58
115.08
115.5
115.83
116.25
116.75
117.25
117.75
118.25
118.75
119.17
119.75
120.33
120.92
121.33
121.67
121.92
122.33
122.33
122.25
122.17
122.58
123
123.25
123.5
123.92
123.58
123.75
124.33
124.58
124.67
125.17
125.25
125.92
126.08
126.58
126.83
127.42
127.83
128.17
128.17
128.67
129.08
129.67
129.83
129.33
129.75
129.92
130.42
130.42
130.25
130.5
131.08
131.75
132.42
132.482587881908
132.545116728733
132.607587211711
132.67
132.584905851333
132.499874867265
132.414906449288
132.33
132.497428660869
132.664904834399
132.83242859112
133
133.5
134.08
134.67
135.25
135.83
136.08
136.5
137
136.67
136.58
136
136
136
135.75
135.58
136
136.42
136.58
137.33
137.75
138.08
138.67
138.67
139.17
139.42
140
140.5
141
141
141.25
141.5
141.58
141.67
141.58
141.58
141.67
141.75
141.75
141.75
142.08
142.08
142.42
142.83
142.92
143.08
143.33
143.58
143.58
143.75
144.08
144.58
144.92
145.33
145.33
145.33
145.5
145.5
145.83
146.08
146.17
146.08
146.33
146.42
147
147.5
147.83
148.33
148.83
148.83
149.17
149.33
149.5
149.75
150
150.42
150.83
150.83
151
151.33
151.83
152.17
152.58
152.83
153.08
153.08
153.08
153.17
153.33
153.5
153.67
153.5
153.42
153.33
153.08
153.08
152.92
152.75
152.5
152.25
151.83
151.5
151.33
151.08
150.83
150.58
150.25
150.17
150
150
149.92
149.42
148.75
148.17
147.83
147.25
147.25
146.83
146.42
146
145.58
145.5
145
144.83
144.42
144
143.5
143.08
142.67
142.25
141.75
141.42
141.17
140.67
140.25
139.92
139.75
139.92
139.67
139.33
138.83
138.17
138.42
138.58
138.42
138.08
137.92
137.92
137.75
137.33
136.92
137
137.42
137.5
137.58
137.92
137.83
137.5
137.25
136.75
136.33
135.92
135.67
135.42
135.25
135
134.83
134.17
134.33
133.92
133.42
132.83
132.25
131.83
131.33
130.83
130.33
129.67
129.67
129.08
128.58
128
127.5
126.92
126.25
125.83
125.25
124.75
124.08
124
123.58
123.08
122.58
121.92
121.33
120.75
120.08
119.75
119.42
119
118.58
118.33
117.75
117.17
116.67
116.08
115.67
115.17
NaN
130.08
130.33
130.75
131.33
131.5
131
130.67
130.08
NaN
136.58
136.83
137.42
138.08
137.58
136.83
136.58
NaN
144.83
145.5
146.17
146.75
147.33
148
148.33
148.33
148.33
148.17
148
147.92
147.5
147.17
146.83
146.25
145.75
145.5
145.33
145.25
145
144.83
144.83
NaN
175.189005765312
175.520126812359
175.533582906009
175.444655302468
175.480570269194
175.758633229727
175.896899326676
176.010263119138
177.028533390313
177.258394962553
177.425212056562
177.737062876409
178.13822463126
178.467019452492
178.497151745077
178.314079918127
177.83993457634
177.827487791252
177.77207817333
177.244069923124
177.055653310959
176.934493612025
176.945466935341
177.062199303558
177.062588539133
176.703383937069
175.922020708825
175.581198253924
175.2737982
174.891908850954
174.764908248106
175.121887534503
175.297338198038
175.280404122763
174.807339740719
173.95356393105
173.773153553097
173.806198717872
174.56561918852
174.649455525552
174.609860198227
174.643901260388
174.811166376129
174.822275692258
174.611755278214
174.652394606107
174.600921532298
174.236103134326
174.287715187337
174.110270622357
173.838672344628
174.106785628447
174.128098805651
174.052673284457
173.23620611583
173.236754936069
173.117433772103
173.120762462063
172.980902412508
172.63595963751
172.709751594712
172.802409438781
173.024274852514
173.061915743281
172.994412982901
173.171146106754
173.352121058372
173.359543319682
173.477332535099
174.026354682989
174.079259302489
174.163151934302
174.229211162641
174.313042363657
174.302922354492
174.405260995742
174.622422166657
174.545836283744
174.513698784614
174.55338610918
174.374120848829
174.789766761627
174.80662925115
174.699150994225
174.917332370418
174.6060155159
174.595981610608
174.848277668433
174.795029032346
175.199667461032
175.123499799617
175.189005765312
NaN
166.5
166.83
167.08
167.58
167.92
168.33
168.83
169.5
170
170.5
171.08
171.33
171.5
172
172.17
172.17
172.58
172.58
173.08
173.17
173.5
173.83
173.92
174.33
174.33
174
173.58
173.25
172.83
172.75
173.08
172.42
172
171.42
171.25
171.08
170.92
170.58
170.17
169.67
169
168.33
167.83
167.58
167.25
166.75
166.5
NaN
167.58
168
168.25
167.58
NaN
95.33
95.92
96.33
96.92
97.58
98
98.25
98.58
98.58
99
99.5
100
100.33
100.75
101.25
101.75
102.25
102.67
103.08
103
103.42
103.83
103.75
103.5
103.83
104.42
104.58
104.92
105.08
105.58
105.92
106.17
105.92
105.92
105.92
105.83
105.75
105.33
104.92
104.92
104.75
104.42
104
103.5
102.83
102.42
102.25
101.75
101.33
100.92
100.83
100.5
100.42
100
99.83
99.25
99.08
98.83
98.83
98.33
97.83
97.67
97.25
96.92
96.58
96.08
95.67
95.42
95.33
NaN
105.5
105.83
106.08
106.67
107.08
107.42
107.92
108.42
108.67
109.08
109.58
110.08
110.5
110.83
110.83
111.33
111.92
112.42
112.75
112.83
113.42
113.92
114.42
114.42
114.42
114
113.58
113.08
112.5
112
111.5
111
110.5
110
109.58
109
108.58
108
107.58
107
106.5
106.58
106
105.5
NaN
115.25
114.7
114.66
115.25
115.66
115.25
NaN
118.028059442558
117.800233775704
117.771133889163
117.78201565897
117.891597216745
118.028678971886
118.209863132734
118.341150003211
118.490577916196
118.538161387257
118.538011755498
118.683989142027
118.822552454983
118.924438381285
118.938166827376
119.01687533373
119.045063562893
119.038311667375
118.897912175047
118.762062486925
118.701251114399
118.734552731523
118.364386654044
118.301320534076
118.340398476142
118.302890396088
118.073807185621
117.944273460881
117.401645482742
117.245169969743
117.111221280244
116.939654348515
116.804445183712
116.773523336899
116.83315276587
116.795232314044
117.077801681411
117.618649472466
117.660887096159
117.917841225883
117.997664320666
118.124347818222
118.144375898145
118.028059442558
NaN
123.121894797409
122.8140789876
122.828746858869
122.153250689542
122.010507328041
121.81964078335
121.426605479542
121.280082027804
121.140253574465
120.610408669538
119.975495478487
119.877209938693
119.886321644487
120.051539281222
120.365265686815
120.668172517252
121.245945768374
121.429475067864
121.572101915315
121.709233800311
122.085632890189
122.260422672658
122.45721336682
122.4264745333
122.843243159426
122.896024060187
122.856567018172
122.756753349161
122.822579993711
123.026743465421
123.119484876657
123.121894797409
NaN
123.556630976114
123.375269496328
123.52562619993
123.864887322583
123.886639121697
123.556630976114
NaN
116.41458176826
115.958998793949
116.125779049575
116.13262296429
116.236062836227
116.441914388614
116.655553453564
116.41458176826
NaN
124.33
124.5
124.667446588662
124.834928692729
125.002446450707
125.17
124.96006840228
124.750091288369
124.540068529687
124.33
NaN
125.83
126
126.67
126.42
125.83
NaN
119
119.5
120
120.5
120.92
120.42
120
119.67
119.17
119
NaN
123.5
123.67
123.92
124.33
124.83
125.08
125.67
126.25
126.75
127.25
126.92
126.42
125.92
125.42
124.92
124.5
124
123.5
NaN
131.17
131.25
131.58
131.58
131.17
NaN
134.08
134.08
134.25
134.5
134.67
134.5
134.08
NaN
105.25
105.5
106
106.25
106.42
106.75
106.67
106
106
105.75
105.25
NaN
107.67
107.75
108.33
108.08
107.67
NaN
113.058819945317
112.930397733542
112.839982106007
113.003180387849
113.142026881074
113.795387206126
113.95088824877
113.639357619324
113.058819945317
NaN
108.92
109.08
109.5
110
110.58
111.08
111.33
111.5
112
112.58
113.08
113.33
113.75
113.75
114.25
114.75
115.42
115.42
116
116.17
116.67
117
117.25
117.75
117.75
118.25
118.75
119.25
118.75
118.25
118.58
117.92
117.83
117.5
117.75
118.08
117.83
118.25
118.67
119
118.42
117.92
117.67
117.5
117.5
117.42
117.17
116.75
116.33
116.67
116.33
116.17
115.67
115.17
114.75
114.67
114.33
113.83
113.25
112.83
112.33
111.83
111.75
111.42
110.92
110.33
110.25
110.08
110.08
109.75
109.25
109.25
109
108.92
NaN
118.83
119.17
119.33
119.33
119.5
119.83
119.83
119.92
120
120.67
120.92
121.42
122
122.5
122.92
123.33
123.92
124.42
124.75
125
125
125.25
125
124.58
124
123.5
123
122.5
122
121.42
121
120.67
120.33
120.08
120.08
120.58
120.67
121.17
121.58
122.08
122.58
123.17
123.5
122.92
122.5
122.08
121.5
121.92
122.17
122.42
122.08
122.08
122.5
122.83
123.17
123.17
122.67
122.33
122.33
122
121.58
121.67
121.17
120.92
121.08
121.08
120.67
120.25
120.42
120.42
120.42
120.33
120.42
119.92
119.5
119.42
119.58
119.67
119.5
119
118.83
NaN
127.33
127.5
127.58
128
127.83
128.08
128.67
128.67
128.25
128.5
128
127.92
128
128.42
127.92
127.58
127.67
127.58
127.51750492286
127.455006830665
127.392505323155
127.33
NaN
126
126.5
127
127.17
126.83
126.33
126
NaN
127.92
128.25
128.92
129.5
129.92
130.42
130.75
130.75
130.25
129.42
128.92
128.5
127.92
NaN
124.615533401065
124.508466684028
124.54876487104
124.701538962367
125.190895688033
125.371678786335
124.615533401065
NaN
127.33
127.58
128.17
127.960000002396
127.75
127.539999997604
127.33
NaN
130.33
130.75
131.25
130.75
130.33
NaN
135.33
135.92
136.25
135.83
135.33
NaN
130.83
131.25
131.25
131.83
132.17
132.83
133.25
133.92
134.17
134
134.17
134.58
134.75
135.17
135.58
135.83
136.08
136.5
137
137.25
137.92
138.42
139
139.5
140
140.42
141
141.5
142
142.42
143
143.5
144
144
144.5
145
145.42
145.75
145.75
146.25
146.83
147.42
147.83
147.83
147.42
147
147.17
147.67
148.17
148.25
148.58
149.25
149.08
149.58
149.684999990233
149.79
149.895000009767
150
149.937547649611
149.875063729551
149.812547944822
149.75
149.854961268822
149.959948297964
150.06496117819
150.17
150.75
150.58
150
149.75
149.25
148.67
148.08
148.08
147.58
147.42
147
146.5
146.25
146
145.58
145
144.67
144.17
143.83
143.58
143.17
143.33
143.17
142.58
142
141.5
141
140.58
140.25
140
139.42
138.83
138.25
137.67
138
138.25
138.75
138.58
138.58
138.42
138.17
137.83
137.33
136.75
136.17
135.58
135
134.58
134.08
133.67
133.25
132.83
132.75
132.67
132.25
131.92
132.17
132.67
133.08
133.67
133.83
133.25
132.75
132.25
131.83
131.83
131.42
130.83
NaN
119.83
120.33
120.33
120.5
120.33
120.5
120.67
121.08
121.5
121.92
122.33
122.17
122.17
122.252614230244
122.335152014794
122.417613792146
122.5
122.457415602305
122.414887811259
122.372416114012
122.33
122
121.58
121.58
121.42
121.67
121.83
122.25
122.58
122.92
123.33
123.92
123.58
123.75
124.17
123.83
123.42
123.08
122.58
122.67
122.67
122.17
121.75
121.25
120.67
120.67
121
120.67
120.58
120.08
120
119.92
119.83
NaN
117.25
117.5
117.92
118.42
118.75
119.17
119.5
119.67
119.17
118.83
118.58
118.17
117.92
117.25
NaN
120.42
120.83
121.25
121.58
121.58
121.17
120.92
120.75
120.42
NaN
124.33
124.75
125.25
125.5
125.5
125.67
125
125
125.25
124.75
124.75
124.42
124.42
124.83
124.872452451556
124.914936389349
124.957452132259
125
124.875085873722
124.750114689432
124.625086160275
124.5
124.33
NaN
121.92
122
122.08
121.92
122.5
122.58
123.17
123.08
123.5
123.42
123.83
124
124
124
124.5
124.5
124
123.75
123.5
123.17
123.33
123
122.67
122.607557522328
122.545076997148
122.482557973615
122.42
122.522441731899
122.624922144635
122.727441485088
122.83
122.83
122.5
121.92
NaN
122
122.08
122.33
122.83
123.08
123.5
123.83
123.92
124.25
124.67
124.83
125.17
125.5
125.42
125.42
126
126.33
126.33
126.58
126.58
126.33
126.17
126
125.75
125.5
125.33
125.58
125.75
125.42
125.08
124.75
124.33
124
124
124.25
124
123.58
123.25
122.92
122.83
122.5
122.25
122.08
122
NaN
148.25
148.83
149.42
150
150.42
150.83
151.25
151.67
151.5
152.25
152.42
152.08
152
151.58
151.17
150.67
150.17
149.67
149.17
148.83
148.33
148.25
NaN
147.19809472474
146.7185549723
146.595908484641
146.756982740846
147.092420697003
147.366351090669
147.19809472474
NaN
152.468043392879
153.061019328995
153.092343683017
153.048863813647
152.954666247085
152.881033736061
152.723341270769
152.720908552785
152.468043392879
NaN
152.022494078021
151.938009576222
151.303894544589
151.071722959216
151.146382736326
151.621798602667
152.066838698159
152.084122496299
152.022494078021
NaN
154.67
155.08
155.58
156
155.5
155.17
154.83
154.67
NaN
157.408439343801
157.304967472915
157.033128660566
156.487534339115
156.478749495251
156.886237649908
157.139389253712
157.408439343801
NaN
157.849108564222
157.698151375293
157.551577944195
157.462360681115
157.300027804215
157.362143839028
157.437187938194
157.569982053477
157.88452843002
157.849108564222
NaN
159.783088995371
158.725924476823
158.553723532268
158.605784570939
159.167725792182
159.74144109164
159.839164571601
159.783088995371
NaN
161.285080612403
160.889902754384
160.833856752539
160.667803074198
160.677589483136
160.802617888886
160.903693859702
161.285080612403
NaN
159.5
160.25
160.83
160.5
160.08
159.67
159.42
159.5
NaN
161.25
162
162.33
161.75
161.25
NaN
166.776223660329
166.558845436436
166.57800113136
166.713079245306
166.844604230259
166.986271541137
167.063028082739
167.237741980548
167.200458548863
166.912676157075
166.776223660329
NaN
167.33
167.92
167.5
167.33
NaN
164.25
164.75
165.33
165.67
166
166.5
166.83
167.17
166.67
166.17
165.75
165.42
165
164.58
164.25
NaN
-176.83
-176.17
-176.58
-176.5
-176.83
NaN
177.33
177.42
177.75
178.25
178.67
178.67
178.17
177.75
177.33
NaN
178.58
179.17
179.83
179.67
179.92
179.33
178.75
178.58
NaN
-149.58
-149.33
-149.17
-149.5
-149.58
NaN
-159.82
-159.58
-159.3
-159.38
-159.62
-159.82
NaN
-158.28
-157.98
-157.67
-158.12
-158.28
NaN
-157.212685821526
-156.716359348044
-156.857545274522
-157.300456378137
-157.212685821526
NaN
-156.68
-156.47
-156.28
-155.98
-156.2
-156.43
-156.47
-156.68
NaN
-155.88
-155.63
-155.37
-155.13
-155.02
-154.8
-155
-155.3
-155.52
-155.65
-155.92
-155.88
-156.05
-155.87
-155.88
